100
0 81 14 0 96 0 51 88 92 97 8 41 0 2 82 3 79 76 40 98 95 97 78 93 24 36 0 0 36 50 66 39 66 78 9 65 34 51 34 0 0 62 0 2 54 89 47 0 7 58 0 15 0 66 0 0 31 0 2 0 31 41 44 0 61 0 98 0 75 84 0 8 0 80 0 47 0 0 0 9 81 64 67 0 72 39 64 44 25 16 9 38 0 88 85 0 7 46 0 0
0 0 0 0 0 0 90 49 24 60 8 76 38 0 0 0 55 46 0 36 1 0 14 0 0 36 0 0 32 94 0 7 0 0 11 0 84 0 48 95 29 71 64 0 0 24 64 74 46 14 82 0 0 0 0 82 68 17 52 13 79 0 0 59 0 77 5 0 51 0 0 99 0 83 0 10 0 0 47 0 77 24 0 0 0 4 3 0 0 0 8 68 27 12 65 0 99 0 48 45
0 0 0 49 98 93 0 0 0 0 0 0 58 44 41 27 63 23 0 0 19 0 23 0 26 27 43 40 0 32 6 78 0 0 66 20 79 95 7 81 57 0 0 36 7 19 79 53 0 0 39 1 0 0 0 65 45 0 15 91 8 0 0 89 0 0 0 64 0 0 75 81 0 47 10 64 43 0 36 0 95 94 0 8 13 0 86 6 36 12 6 94 69 0 8 88 64 44 0 0
15 88 0 0 62 61 78 24 0 49 0 95 99 25 31 44 0 84 0 67 23 56 85 7 0 0 36 18 99 0 8 53 0 0 0 44 0 35 65 88 0 57 0 21 35 0 61 56 0 25 47 90 60 50 22 0 0 81 74 3 0 52 72 92 99 33 94 34 61 99 52 34 0 16 90 0 38 0 91 86 16 48 8 0 0 0 91 20 0 0 0 0 10 0 0 57 0 37 33 27
3 0 67 47 0 87 93 2 43 26 80 46 46 72 13 0 0 28 0 13 0 55 55 51 0 10 0 9 53 0 59 85 0 73 0 55 26 24 35 0 87 0 99 33 33 61 0 0 0 66 88 91 0 23 31 0 58 86 0 62 0 0 36 81 0 91 15 0 0 69 0 96 89 74 84 40 26 94 38 0 0 41 39 9 34 56 49 29 76 83 47 0 70 0 55 0 0 62 12 0
35 94 32 0 0 0 83 0 75 53 0 38 0 23 0 61 0 0 77 18 80 0 91 0 0 16 67 0 73 75 0 87 48 80 83 2 3 45 0 0 0 62 0 28 30 71 62 65 0 94 0 93 12 22 84 0 26 0 88 11 46 27 92 0 4 28 37 0 44 78 17 48 42 81 0 53 53 18 17 75 56 0 0 82 0 82 0 51 12 0 58 41 15 0 0 27 37 0 0 96
0 62 26 98 70 0 0 0 8 64 0 57 36 67 14 35 77 76 0 43 14 86 12 48 57 60 0 0 45 94 75 33 69 65 0 0 30 22 19 14 0 67 70 76 7 0 30 85 19 56 0 41 0 0 43 0 99 0 31 34 13 0 26 27 83 0 0 0 0 87 0 0 4 87 0 0 96 42 31 75 62 89 97 91 75 0 41 0 52 83 24 0 31 69 11 61 92 14 14 64
53 71 0 0 0 58 32 0 20 0 94 79 0 0 74 0 49 33 0 24 47 0 37 91 0 52 27 14 20 59 93 0 2 20 32 65 54 9 0 86 53 0 0 14 0 0 27 94 91 33 17 98 0 87 19 52 7 0 0 0 0 69 28 73 0 0 78 30 57 55 0 86 0 92 26 26 40 0 0 44 0 31 76 18 41 0 61 7 72 55 72 0 35 0 0 54 88 17 31 13
0 0 59 60 50 0 95 61 0 0 44 94 44 0 32 99 21 77 0 8 45 77 90 31 85 10 55 0 73 19 59 0 6 8 0 92 85 23 67 51 0 55 19 0 0 16 59 0 94 41 83 0 65 10 0 57 97 0 15 3 95 0 0 39 26 36 0 53 56 77 0 16 0 67 93 61 31 40 16 79 8 0 89 90 55 76 83 0 28 0 13 15 66 6 61 57 32 44 74 46
50 42 0 94 91 23 40 72 0 0 3 0 52 86 0 0 33 16 93 61 0 28 82 14 0 52 77 34 44 40 48 0 60 0 96 0 67 0 68 50 38 75 83 93 80 29 45 76 69 34 67 34 36 31 0 1 0 37 61 44 6 43 45 7 33 27 2 31 73 0 60 30 61 82 0 41 33 95 82 12 0 0 0 0 76 0 12 0 69 0 42 73 0 56 0 65 19 51 73 6
99 0 77 41 60 60 68 75 90 0 0 43 0 0 34 48 49 72 32 0 14 2 36 0 17 36 39 23 0 58 0 4 72 81 68 78 0 68 16 0 15 84 57 52 0 41 0 47 0 0 78 18 87 56 31 71 90 36 40 0 19 36 86 0 72 72 9 76 92 67 38 0 70 0 13 14 52 0 39 0 5 61 62 28 11 38 0 0 90 0 56 0 0 59 37 74 0 39 0 0
65 95 66 0 59 27 8 0 54 19 9 0 0 84 26 0 49 82 0 20 0 28 68 0 0 42 0 50 0 63 0 0 11 96 67 93 0 0 0 13 38 61 0 1 37 82 59 0 51 0 6 93 19 0 64 61 38 23 45 69 45 0 69 69 54 0 0 0 98 0 20 48 96 48 97 48 0 82 0 55 86 17 60 0 17 99 52 28 84 94 33 90 0 23 21 19 0 0 0 77
0 75 94 17 62 32 43 0 73 52 0 56 0 0 62 0 55 59 39 5 24 71 68 84 0 81 0 28 0 0 68 5 98 10 93 81 45 0 51 0 0 0 12 88 0 43 0 58 56 61 42 14 0 0 0 0 96 0 60 0 5 50 8 0 42 0 0 0 99 68 24 63 0 0 95 0 0 0 0 69 19 56 4 51 12 37 0 53 85 46 99 37 10 93 11 99 47 87 35 0
0 35 0 13 0 66 20 88 0 0 14 4 8 0 27 3 0 79 96 94 61 0 59 17 61 0 12 68 69 72 6 88 51 89 35 28 0 0 0 87 0 58 0 0 0 3 0 73 22 61 52 57 0 36 0 38 0 13 68 19 70 54 26 87 7 0 27 84 63 10 0 0 42 2 5 64 72 4 45 0 88 4 0 61 87 0 57 72 63 81 36 88 57 18 0 68 51 25 0 0
0 0 46 0 81 1 0 83 0 92 41 59 11 0 0 64 0 28 0 0 45 96 98 0 0 27 5 57 55 15 30 51 0 69 28 24 6 5 6 5 59 0 98 13 20 45 75 0 30 70 76 0 0 38 74 0 94 97 34 33 0 48 0 79 0 0 0 0 23 24 0 10 74 97 70 0 70 0 0 53 0 47 86 87 65 24 0 33 0 4 50 77 53 17 7 88 33 73 4 0
37 0 50 14 0 0 41 0 59 0 0 9 27 17 0 0 37 81 0 0 18 0 31 71 29 91 0 3 17 0 21 0 58 86 76 41 88 0 59 58 0 51 54 0 99 55 0 20 8 75 0 51 83 21 79 0 50 0 67 81 0 5 77 20 0 85 0 71 81 97 0 85 87 24 13 94 68 45 2 16 0 55 0 0 5 0 0 0 0 54 0 81 0 20 58 24 64 70 93 75
62 61 95 38 60 0 0 0 50 78 77 51 78 0 57 55 0 10 81 86 0 8 39 23 0 29 0 91 66 56 25 6 0 84 59 33 13 21 90 69 79 23 81 64 20 0 34 92 0 8 32 0 0 78 86 93 45 27 94 56 30 35 19 31 21 82 75 79 0 0 58 61 0 54 30 0 0 0 0 0 80 58 0 66 65 47 47 0 0 26 76 17 0 95 35 97 80 0 74 57
79 28 65 0 50 0 57 0 49 53 58 51 94 41 0 43 16 0 57 31 10 61 96 40 55 0 35 9 47 13 0 0 80 49 90 5 0 0 91 0 22 0 21 1 63 26 0 83 60 38 0 0 0 81 27 27 97 8 43 0 8 4 94 2 0 34 73 60 0 41 0 34 2 0 13 7 27 84 0 56 69 0 14 65 72 31 58 88 0 57 0 16 27 54 77 0 74 0 43 94
45 0 8 92 19 47 90 98 15 29 50 0 0 27 0 11 0 99 0 0 59 1 0 0 0 97 45 0 36 13 29 0 53 54 53 0 41 0 54 31 88 12 0 85 7 84 27 80 0 67 0 61 61 0 14 5 52 96 11 48 21 65 85 29 0 68 0 0 55 28 0 64 1 0 57 53 50 0 0 0 19 42 0 60 64 0 10 0 82 19 36 0 70 0 82 61 19 42 91 11
0 81 66 69 47 26 0 93 32 0 34 18 76 0 73 52 54 38 81 0 72 0 42 86 52 0 93 70 0 0 0 1 7 87 22 43 7 0 99 0 1 0 0 0 2 91 91 58 0 2 41 29 0 35 61 0 56 29 70 12 32 2 19 85 0 76 0 0 0 0 92 9 0 21 0 22 26 5 0 0 0 93 93 8 24 79 0 0 0 56 62 24 56 76 85 71 0 80 73 8
51 0 42 27 42 61 0 93 78 37 80 67 78 65 89 85 0 74 0 75 0 0 73 63 3 64 0 40 40 77 0 43 68 0 0 0 0 47 36 42 0 35 63 41 51 23 72 0 80 57 23 89 62 86 33 0 0 25 33 92 0 98 0 0 99 0 38 71 6 92 20 0 75 19 67 0 0 72 0 0 0 16 10 0 60 0 30 74 74 86 0 0 56 28 76 0 27 0 0 73
35 21 0 0 81 0 26 60 0 0 17 0 0 35 35 34 0 0 18 52 0 0 83 78 27 80 29 20 39 0 0 92 8 50 95 28 33 33 58 59 98 0 55 78 67 0 0 50 79 34 15 60 74 43 0 48 0 70 19 55 38 7 0 0 31 0 57 83 69 56 43 38 24 77 17 54 84 67 89 24 0 63 25 73 16 49 94 60 47 0 93 0 0 94 0 36 42 27 35 45
0 21 0 19 39 36 40 80 41 0 0 40 33 1 0 0 0 61 92 0 0 48 0 0 87 0 56 81 37 98 89 0 69 30 0 0 0 0 37 62 0 19 50 85 66 15 0 10 57 0 95 22 0 0 44 0 0 37 36 9 76 98 5 0 63 39 53 81 61 8 33 41 16 81 1 17 54 21 93 41 76 0 0 68 42 0 91 81 1 9 94 0 0 0 0 0 19 84 85 0
81 0 63 0 80 7 0 18 5 95 99 48 0 11 34 99 32 94 84 0 23 29 42 0 82 57 94 52 42 78 1 51 26 0 0 0 0 76 25 77 7 70 98 15 51 0 0 0 93 0 0 0 0 55 17 73 67 35 0 83 0 63 39 43 97 0 78 25 18 0 84 59 20 17 8 77 51 83 54 18 0 0 34 77 79 42 0 0 72 24 55 0 0 14 0 65 0 91 0 82
0 21 47 67 45 0 87 33 66 0 0 96 28 0 68 85 0 0 0 76 78 30 40 0 0 69 0 99 10 88 0 14 0 0 95 58 53 0 0 78 51 0 46 46 0 83 27 14 23 43 73 60 54 0 83 70 61 0 99 0 81 75 99 0 2 10 0 50 54 0 0 78 0 3 54 23 93 71 0 96 3 20 59 6 0 85 58 31 65 0 0 72 0 95 77 0 0 79 61 1
20 18 36 61 91 11 9 59 62 55 30 23 0 8 0 44 95 63 0 0 0 23 25 94 0 0 40 61 24 79 0 10 41 89 33 63 57 96 8 0 48 0 20 91 50 0 21 60 98 31 0 95 11 51 28 0 93 75 16 55 13 0 0 45 17 0 43 0 77 64 29 2 34 57 96 0 85 0 0 84 4 0 25 93 17 66 37 0 37 0 49 0 6 0 6 0 94 58 0 18
50 77 0 0 0 32 37 84 0 27 96 10 0 54 0 17 0 78 58 0 0 77 0 86 0 18 0 0 41 14 46 61 68 0 5 36 16 73 37 74 60 0 30 1 83 45 77 95 27 26 49 52 7 4 49 67 83 0 4 97 59 11 0 0 59 43 0 42 18 0 41 56 2 0 0 23 0 40 0 0 68 86 19 62 51 80 28 52 78 52 77 0 43 96 0 0 29 5 84 12
0 85 0 49 0 53 0 0 3 7 53 2 30 13 78 0 84 0 53 0 63 18 56 0 97 0 70 0 0 29 94 19 0 93 63 0 39 89 0 86 0 22 3 0 73 24 28 4 0 68 89 0 96 75 65 14 0 9 3 83 92 91 92 99 73 14 74 0 89 45 0 43 0 35 0 0 78 43 32 88 0 10 0 13 0 69 92 69 3 48 0 50 0 67 0 79 16 0 0 29
83 88 19 17 29 71 43 0 62 0 80 39 48 99 39 81 77 85 47 63 2 1 75 55 0 0 4 56 0 31 19 80 36 0 50 64 0 0 41 83 0 55 8 72 79 39 0 20 0 19 11 0 47 0 36 86 0 0 55 58 0 2 50 44 0 0 9 0 0 36 73 35 0 0 58 0 0 0 66 34 0 0 0 86 26 8 0 48 76 0 18 97 54 65 84 75 4 12 0 87
0 63 0 0 0 61 39 90 0 30 9 0 0 82 67 0 0 12 0 0 80 35 0 48 58 0 0 0 0 0 0 95 97 87 0 0 85 67 50 0 71 0 66 31 14 46 1 56 74 5 0 31 98 98 25 3 0 60 61 71 0 81 0 65 63 69 0 0 74 28 96 0 40 48 26 38 32 0 41 11 0 30 48 35 0 34 0 13 18 45 46 72 0 79 95 90 46 97 0 0
64 84 10 1 54 8 0 0 19 78 41 37 31 2 77 0 61 5 69 61 42 12 62 71 89 51 23 96 49 0 0 56 97 0 14 56 94 79 94 40 20 0 0 61 21 80 0 69 98 29 82 15 36 58 45 63 68 49 66 59 1 32 25 5 98 0 10 0 66 37 14 96 26 53 34 0 0 13 0 0 13 45 17 53 0 42 77 84 79 19 3 4 0 99 0 0 94 30 16 5
0 96 0 86 0 84 10 38 7 62 85 0 38 38 11 72 79 22 58 9 69 52 26 0 0 42 73 3 13 0 61 0 0 0 0 0 47 0 55 0 95 2 0 0 45 94 54 50 0 0 43 22 7 21 0 83 0 0 2 4 97 65 63 19 0 22 45 53 0 87 0 9 0 10 53 36 23 0 91 36 0 0 0 53 97 67 68 0 67 0 34 42 67 80 70 88 0 99 92 30
19 66 99 27 0 0 44 9 0 0 28 0 0 70 37 17 79 24 86 12 40 68 14 0 45 1 61 44 26 0 51 0 0 0 24 24 60 0 11 10 0 0 25 30 79 42 0 15 0 73 23 0 0 0 47 31 0 0 92 25 0 0 54 75 75 23 84 0 0 97 63 0 90 26 2 7 0 86 0 12 29 80 79 0 42 0 0 0 0 0 30 0 5 94 2 0 75 0 0 0
17 56 16 87 89 48 92 57 54 50 32 22 60 18 95 0 0 83 30 52 0 0 78 5 83 0 3 15 46 77 26 34 36 0 6 45 78 95 23 0 95 63 71 19 56 0 57 0 0 89 13 48 22 57 0 12 81 23 0 19 19 78 40 73 95 30 5 3 74 96 71 76 0 83 0 0 43 0 49 44 65 38 0 15 23 28 31 28 81 86 64 25 0 13 91 0 69 22 0 0
57 94 98 26 32 33 48 19 0 0 60 0 60 42 39 33 29 93 71 38 46 83 97 0 92 0 59 5 55 0 0 0 0 79 0 0 0 7 48 98 0 0 79 76 0 64 95 0 45 31 65 35 0 0 0 86 0 0 10 0 54 0 0 58 96 29 21 34 0 22 83 51 0 11 50 0 37 48 0 0 0 69 0 87 0 0 0 0 25 79 39 27 10 0 32 66 95 0 75 2
36 74 3 65 0 0 6 16 45 41 65 2 95 99 0 7 0 18 95 98 52 60 39 0 27 6 45 0 0 50 78 75 46 41 98 0 75 54 67 13 93 0 82 61 0 10 0 2 96 35 84 0 28 33 98 33 60 48 45 0 74 20 15 52 7 31 0 99 37 0 50 90 82 85 67 68 50 75 17 63 65 73 22 68 0 0 0 33 53 30 0 54 75 75 76 0 0 42 25 62
0 0 15 70 0 97 68 32 0 22 0 0 0 0 68 0 65 47 0 96 70 46 55 10 19 67 98 10 90 83 18 19 0 0 87 68 0 0 75 13 87 28 0 72 59 19 19 78 15 0 83 69 97 0 21 11 0 20 6 95 86 35 74 0 27 46 70 12 0 58 0 79 0 61 64 4 71 17 0 0 94 0 9 32 60 74 30 82 0 66 78 1 85 97 0 7 0 81 0 0
6 79 73 21 8 30 2 0 24 87 62 28 51 0 0 15 29 95 30 90 87 99 0 0 42 15 4 80 77 0 11 46 62 0 9 19 22 0 0 10 96 48 25 19 59 98 98 0 0 61 50 95 67 80 77 31 49 45 77 98 94 43 48 59 27 5 8 0 29 18 22 0 20 0 79 99 75 96 0 0 73 99 80 15 0 15 75 39 4 0 23 0 63 0 4 77 0 2 66 53
0 44 60 5 65 0 82 44 47 88 58 21 37 0 47 0 80 0 0 0 0 0 10 81 49 0 8 0 11 37 17 0 75 64 0 36 0 94 0 81 20 0 0 35 22 33 9 0 70 69 20 0 0 0 0 0 0 67 44 97 76 17 0 64 0 0 63 73 25 0 31 0 2 23 0 0 0 66 14 0 0 62 18 50 99 65 0 12 93 0 20 26 45 0 66 24 61 34 68 0
0 89 2 35 18 56 49 92 0 18 0 0 0 44 18 73 96 57 0 0 0 0 29 31 88 0 0 99 75 45 0 35 15 26 0 3 17 0 21 0 81 0 63 69 0 64 50 92 0 0 13 0 28 62 0 41 32 89 13 0 7 0 41 81 0 59 0 51 91 0 33 0 87 0 16 53 0 93 64 97 92 0 81 70 0 20 34 7 0 0 40 19 51 10 98 1 9 81 95 37
95 0 0 38 0 0 17 34 0 13 0 72 51 0 93 0 0 80 90 64 0 27 43 96 0 11 38 87 61 97 25 42 0 0 32 85 0 0 83 90 0 0 83 65 41 63 0 66 0 72 98 73 94 0 15 0 94 68 50 75 0 0 36 32 28 92 94 0 11 0 32 85 0 0 75 72 76 16 92 31 0 93 75 0 0 64 0 35 32 29 0 0 37 94 13 7 0 0 0 24
43 0 68 0 73 62 0 55 0 52 0 0 0 74 66 0 79 6 18 0 7 30 0 49 14 0 0 0 80 0 0 0 25 5 0 89 67 0 74 50 54 0 29 0 45 50 0 39 0 52 85 53 44 73 0 4 90 17 67 82 0 21 0 62 49 18 4 0 0 36 0 81 6 60 22 66 0 54 57 83 58 76 72 39 0 0 53 20 0 62 24 86 0 29 29 0 63 33 8 56
18 0 0 74 0 92 0 18 29 0 0 0 59 54 0 94 57 87 58 70 90 46 78 0 45 46 47 0 46 62 0 57 89 0 60 0 21 7 36 0 15 0 0 69 76 84 38 0 20 0 0 48 3 16 0 27 64 33 7 29 58 2 85 51 3 29 92 6 99 34 76 58 23 0 81 55 82 94 0 58 0 0 0 71 85 35 0 0 0 0 21 55 9 53 0 34 76 56 0 57
0 10 0 28 71 36 42 21 39 71 0 11 0 77 23 97 98 53 0 0 0 95 0 0 47 5 66 35 0 8 30 40 9 19 0 70 92 0 78 0 81 77 0 0 39 82 91 42 12 0 0 0 1 0 99 44 0 99 45 65 0 49 4 0 0 29 76 0 0 0 30 60 63 30 59 0 79 69 85 0 83 99 43 21 0 0 69 29 64 0 77 97 56 0 12 21 86 64 18 0
55 35 37 76 2 21 0 80 0 82 56 19 0 35 51 0 0 0 58 84 79 13 58 0 85 51 21 0 53 4 0 10 0 16 21 30 10 11 0 98 1 57 79 0 0 50 33 95 73 0 77 0 0 27 47 90 92 0 39 65 33 25 24 0 0 10 26 80 43 10 98 0 22 38 10 0 0 34 57 66 3 45 0 0 46 0 44 0 27 19 0 99 16 13 81 99 0 1 7 96
86 73 72 30 0 0 78 45 0 14 0 11 38 0 59 76 92 95 47 0 0 33 0 56 34 0 0 13 24 97 0 69 47 26 37 42 12 54 0 60 81 10 0 0 44 0 73 63 55 60 59 0 74 56 0 50 57 0 53 86 32 97 0 0 45 30 2 11 57 99 0 76 40 0 55 0 0 69 1 0 21 46 80 0 68 22 0 23 0 0 0 66 55 0 49 0 58 0 63 32
9 0 0 27 12 69 0 24 77 43 89 47 0 0 0 98 22 98 0 0 53 0 91 81 34 74 5 46 91 64 0 50 9 35 16 95 0 0 88 88 30 16 0 0 35 74 0 66 0 8 92 94 73 0 42 52 0 1 0 30 0 0 6 37 0 0 73 0 66 92 0 62 0 15 51 90 0 79 0 0 0 15 69 29 85 42 63 6 56 0 0 99 13 0 22 0 19 0 64 86
75 73 14 0 13 77 96 88 88 0 11 65 29 0 36 0 63 5 86 11 49 88 0 4 62 68 65 60 25 47 46 0 7 0 64 33 24 39 51 77 0 0 0 14 39 24 21 0 0 0 0 56 45 0 61 87 18 0 0 6 54 0 40 38 61 97 55 57 83 0 13 97 0 66 91 0 56 16 56 36 51 0 0 0 0 34 57 15 67 87 65 0 49 11 98 0 9 61 0 43
29 0 56 65 76 32 0 0 39 56 59 73 83 67 55 77 22 0 97 26 25 90 63 18 51 15 31 42 73 67 0 88 8 0 42 3 0 85 0 0 0 1 0 0 27 0 78 97 0 68 16 14 24 52 0 0 0 50 26 0 0 41 67 0 43 35 0 1 0 89 0 0 2 28 0 55 43 95 52 90 95 51 37 91 99 86 20 17 92 17 63 0 0 18 62 98 0 46 53 0
0 0 21 90 0 15 0 75 80 52 8 0 0 63 0 0 93 21 75 0 8 8 62 18 0 22 71 0 69 0 0 0 68 0 49 0 43 31 0 20 82 73 78 75 47 0 36 82 0 0 0 91 80 31 32 11 97 7 27 94 35 55 13 62 0 67 29 19 49 4 74 0 96 95 0 58 36 0 0 15 12 0 71 90 60 83 0 79 67 27 85 83 46 19 89 38 0 92 37 43
95 48 26 3 25 10 47 0 97 99 58 0 0 0 54 79 8 2 0 21 47 0 0 0 25 93 89 0 0 0 0 0 0 38 18 66 11 39 0 66 94 37 86 84 32 19 2 79 56 7 0 0 5 62 17 0 0 37 62 33 0 12 70 68 93 88 0 63 51 0 43 47 29 48 21 94 74 0 12 90 0 21 7 32 51 62 76 0 73 24 0 21 0 0 66 0 64 99 57 0
2 58 0 65 0 26 0 43 0 62 0 0 0 34 84 49 32 73 53 36 4 80 34 0 46 38 0 68 0 34 0 20 48 80 1 0 74 48 0 8 0 0 0 3 82 0 0 14 31 14 32 0 83 72 52 22 91 93 7 1 49 0 0 60 45 68 10 59 62 24 18 0 49 0 8 5 91 47 48 0 51 0 0 17 0 63 0 0 25 67 0 84 0 42 89 38 47 22 0 67
17 0 21 0 10 80 16 0 20 0 30 23 0 51 0 0 0 80 33 47 78 0 0 50 0 70 0 85 24 23 7 70 64 94 59 73 0 57 76 84 46 0 88 0 50 29 71 63 0 72 0 0 0 0 0 0 93 0 0 8 19 0 66 0 27 0 50 0 83 50 0 0 94 43 73 70 38 40 0 17 11 0 0 24 0 98 46 74 63 54 48 0 99 76 0 86 0 99 61 74
98 64 0 4 0 0 23 0 0 0 51 70 74 31 0 85 0 84 0 57 0 48 0 0 73 31 38 25 0 95 0 37 0 0 0 25 22 99 98 87 0 81 0 12 70 23 96 0 33 63 0 31 61 0 46 79 50 38 49 8 21 20 0 34 0 0 0 24 0 0 0 88 0 66 60 0 73 0 15 0 28 41 0 53 86 34 0 0 99 36 0 99 61 70 0 0 0 87 0 0
0 63 87 0 0 24 35 0 0 90 0 23 51 62 89 78 34 60 27 7 0 0 23 57 49 94 60 55 0 0 0 83 0 45 0 87 0 0 98 46 58 0 97 0 5 46 88 22 65 0 93 43 13 9 0 91 10 10 89 0 0 78 0 95 51 0 37 5 0 36 0 85 40 57 0 0 0 68 28 0 0 0 0 29 41 0 90 0 36 0 62 82 69 0 39 6 38 0 0 60
26 0 0 21 0 59 87 0 0 67 0 71 12 0 18 80 0 81 58 0 29 12 41 40 0 48 0 22 4 0 0 84 0 48 50 45 97 15 49 81 0 0 98 75 0 0 70 47 23 35 76 66 0 81 70 0 61 21 0 12 35 51 7 91 0 51 56 51 0 0 86 78 98 66 0 39 0 0 89 32 0 19 94 0 75 17 6 77 91 0 23 68 23 9 86 88 19 0 93 15
0 88 18 0 0 70 49 0 32 54 74 0 83 0 64 0 95 53 60 0 93 17 80 66 12 0 93 95 64 4 21 0 83 76 41 0 15 65 9 63 0 91 0 0 32 7 0 32 44 35 98 0 80 25 0 0 0 45 28 0 0 0 0 59 28 16 39 70 1 37 17 93 0 38 0 0 39 96 0 55 39 49 11 24 22 78 34 33 73 82 20 39 13 81 0 68 0 49 0 66
50 0 12 65 96 83 0 78 22 0 52 70 0 95 0 0 0 69 91 0 14 35 19 0 0 18 73 33 91 0 44 0 0 83 85 70 60 9 88 35 87 54 32 0 51 8 0 0 69 13 0 14 97 29 96 87 95 0 15 0 87 45 56 10 32 0 30 21 99 0 99 3 17 3 96 30 14 0 0 28 33 82 0 61 45 98 75 0 91 62 76 45 9 70 58 0 0 24 0 0
0 35 57 27 99 81 0 10 38 0 20 0 28 0 60 0 80 0 65 1 0 0 0 31 0 0 0 4 78 30 0 98 65 30 99 0 0 21 71 52 23 95 63 0 0 75 71 45 0 3 11 61 0 78 16 62 6 0 0 43 0 12 7 0 93 0 91 30 15 84 71 21 53 0 84 65 2 0 0 52 57 20 75 38 63 0 0 0 28 61 2 86 83 10 90 0 89 53 34 33
0 87 27 83 28 88 79 8 0 27 45 12 0 48 66 25 0 41 55 33 68 80 0 0 12 0 63 0 0 47 27 76 11 0 74 26 0 0 40 0 60 0 0 17 62 56 0 96 0 27 9 63 71 0 21 36 0 66 30 0 0 69 50 87 11 35 0 0 0 1 63 83 58 80 0 0 0 28 32 85 64 15 12 0 58 7 0 99 0 96 69 76 80 72 8 13 74 45 66 10
0 43 25 68 10 0 0 92 55 40 0 14 19 0 34 63 42 0 0 80 0 0 88 4 0 81 0 89 50 41 0 80 7 47 0 44 94 27 0 51 96 79 14 30 7 0 76 60 89 55 19 66 47 0 0 0 19 0 46 84 0 74 8 42 63 31 9 13 38 6 27 0 65 0 0 0 0 87 0 7 7 25 95 4 0 0 42 0 63 0 0 66 0 31 9 0 0 15 9 3
30 94 0 0 0 0 83 81 3 0 93 73 0 57 56 60 91 24 0 94 81 43 67 17 0 0 59 0 54 59 12 18 17 23 23 74 78 70 52 0 93 16 37 80 23 77 0 21 0 0 1 0 58 97 10 61 20 0 61 72 4 0 0 65 13 78 8 25 0 50 52 0 57 37 1 0 0 0 25 18 2 76 49 8 46 9 47 62 78 52 0 60 0 97 80 0 96 41 0 0
82 0 43 5 0 60 19 12 0 0 62 0 35 43 0 45 0 7 46 45 0 18 38 58 15 28 0 90 0 86 82 95 9 0 86 57 0 37 80 0 54 39 59 0 1 0 40 64 99 34 65 58 15 86 52 70 12 0 90 73 35 10 0 0 0 28 0 9 0 69 92 10 68 0 83 0 26 0 10 10 70 28 96 0 0 76 72 0 28 46 0 83 95 0 23 98 27 95 0 28
0 88 0 0 0 0 0 54 37 77 3 76 0 25 9 92 31 53 76 28 49 24 0 0 0 60 91 88 76 14 8 36 0 0 0 70 0 0 0 51 0 35 58 0 0 54 43 92 0 38 51 78 31 7 0 46 90 36 26 2 79 0 97 0 0 0 0 99 36 36 99 0 9 0 0 79 0 49 64 16 60 58 80 60 0 0 2 33 64 7 57 0 5 49 0 97 0 72 58 55
0 35 39 0 0 72 0 55 27 0 0 99 16 26 0 23 7 0 0 57 59 18 82 29 76 12 0 0 0 17 86 65 0 0 77 7 54 0 24 89 0 28 20 8 33 49 0 5 74 53 84 40 0 51 83 38 15 82 0 84 21 29 38 22 0 0 97 42 0 0 0 19 69 0 51 78 15 93 10 54 56 30 0 71 0 84 0 52 65 34 0 6 10 0 83 71 68 84 94 87
0 88 0 0 67 0 49 1 37 6 45 57 0 0 31 0 60 99 0 94 0 98 0 11 87 75 71 0 0 0 0 81 23 51 46 0 0 65 24 84 0 56 0 20 18 25 63 87 9 0 44 68 38 22 94 36 78 16 70 65 0 0 55 71 0 0 0 59 19 0 81 66 43 87 13 26 19 0 85 17 0 9 14 7 78 0 70 37 0 0 78 7 82 38 44 50 62 98 0 43
63 24 0 0 0 0 99 24 18 0 73 26 87 59 0 95 85 0 0 62 82 23 72 0 24 0 73 92 0 0 6 68 92 67 0 77 0 0 49 0 0 0 90 5 44 7 70 0 0 0 43 0 0 49 94 47 57 24 25 24 23 27 50 92 69 33 0 34 0 18 0 87 38 74 74 0 0 45 0 14 87 27 0 80 0 86 0 56 87 35 0 0 3 0 4 0 86 10 93 51
0 0 0 14 0 2 85 4 22 66 39 0 66 26 67 65 88 0 43 0 0 30 51 59 35 0 60 35 39 0 0 25 25 22 19 85 0 75 35 53 0 0 2 68 60 0 88 78 86 51 16 98 68 92 0 45 0 49 0 76 89 65 59 0 81 7 15 0 36 0 0 0 7 59 21 0 93 0 33 92 0 0 54 0 53 79 91 23 0 0 13 0 98 58 90 58 48 74 92 0
0 71 44 65 80 78 0 62 0 0 0 22 98 0 17 0 97 11 0 56 0 0 81 45 75 0 0 35 94 26 25 33 14 12 13 0 0 0 13 0 20 0 37 42 48 46 44 83 0 58 61 0 0 0 85 78 33 0 19 10 20 41 0 44 98 0 71 0 0 0 0 0 0 6 0 0 0 50 0 23 68 0 27 89 14 81 28 46 5 79 54 1 55 98 0 68 64 78 91 0
0 0 0 19 46 0 9 26 20 0 0 59 32 0 46 97 70 56 6 63 67 5 56 88 0 0 20 22 63 74 0 10 0 78 0 66 55 0 4 47 87 0 7 75 70 53 24 0 84 0 0 52 0 19 36 95 21 88 41 8 0 59 46 64 94 53 0 73 25 0 61 9 57 28 63 57 7 0 5 88 21 49 10 0 49 32 0 0 55 1 95 0 0 0 52 3 51 21 77 98
64 0 23 0 78 23 50 0 12 93 0 14 26 72 93 0 0 0 0 43 0 67 11 61 85 37 89 0 0 0 84 56 0 0 3 54 52 1 0 0 93 0 43 94 22 45 21 37 0 27 52 30 74 76 27 0 84 0 0 15 16 44 60 40 88 0 18 38 2 41 0 58 64 6 85 69 5 99 76 5 0 0 3 0 51 82 63 0 27 3 0 96 23 68 0 0 67 0 7 33
53 0 39 0 67 55 82 74 0 57 0 37 14 41 2 87 63 3 84 63 0 0 0 0 0 63 11 44 67 8 61 0 45 38 0 90 0 29 34 0 41 0 33 61 0 67 79 63 0 51 0 11 0 2 79 79 33 79 0 5 58 0 81 17 48 89 77 19 56 0 0 0 0 2 80 60 70 12 0 43 83 0 28 61 84 82 0 0 82 19 11 0 74 72 66 0 0 5 44 0
60 14 0 0 57 66 0 0 43 0 0 0 88 42 13 41 17 65 22 79 68 24 71 0 55 23 0 32 0 0 43 53 0 90 99 34 11 23 12 14 36 23 72 32 37 3 7 39 2 0 0 88 95 31 51 48 0 13 33 11 83 26 43 0 82 80 21 0 42 87 39 11 0 30 97 84 90 70 0 24 0 12 0 67 0 62 0 64 72 0 89 94 0 0 65 0 0 76 97 92
0 78 82 14 0 0 43 0 58 79 62 62 90 0 23 60 54 0 40 5 22 31 51 0 44 78 83 91 28 38 68 0 98 97 50 0 68 37 0 0 93 72 89 0 67 44 0 77 0 25 0 0 63 73 15 3 14 23 44 0 84 0 37 18 0 29 53 36 95 55 96 92 0 0 0 51 0 46 94 0 50 68 0 21 0 45 0 0 17 54 0 90 0 78 0 0 66 87 84 0
0 17 46 67 33 77 0 50 77 0 0 21 92 53 52 91 17 70 70 0 0 12 91 23 16 0 25 0 0 99 61 13 3 57 0 41 74 86 18 44 88 0 27 88 98 84 0 20 11 0 77 26 79 20 29 0 85 53 35 37 0 89 69 7 79 59 3 0 0 90 61 4 0 53 0 38 13 48 17 9 11 53 0 76 56 0 95 64 15 18 42 3 0 26 0 38 0 72 0 39
0 0 60 43 0 0 0 81 0 0 53 14 80 7 83 51 0 5 0 0 0 44 22 0 0 0 0 47 21 64 63 22 0 0 20 74 95 90 0 97 2 0 10 0 63 82 77 7 89 0 15 42 64 97 87 14 0 19 72 0 9 29 0 78 56 0 74 13 86 86 0 72 0 0 58 0 64 0 73 65 59 10 37 41 33 0 39 51 1 71 36 0 0 0 50 31 18 2 0 15
0 99 42 79 0 15 15 16 34 56 92 79 75 24 25 25 21 0 42 77 70 18 1 0 19 65 31 0 0 0 76 0 25 0 0 28 0 15 38 53 88 18 0 4 43 33 0 63 21 0 28 9 0 19 3 0 0 0 0 97 70 0 74 31 0 60 0 52 5 0 2 0 98 0 39 0 0 0 52 6 39 65 2 0 0 87 0 44 82 0 0 0 99 87 63 0 34 77 0 0
37 50 0 0 20 48 84 7 68 0 13 35 17 37 0 0 0 0 12 50 66 21 52 81 0 0 74 76 16 1 54 81 57 51 0 22 39 46 0 0 24 17 0 0 0 38 0 49 63 45 44 89 0 0 38 0 82 0 0 64 16 98 0 0 63 0 0 54 81 77 16 20 57 71 42 82 89 0 0 88 76 21 0 11 51 0 51 0 0 62 3 65 27 22 0 57 80 28 98 62
47 0 44 17 68 1 84 26 0 0 4 0 24 64 91 23 74 0 50 77 0 0 8 0 99 10 20 70 46 0 71 83 0 50 3 0 57 7 42 48 21 30 53 73 80 0 85 0 45 0 61 65 15 0 10 0 31 69 46 0 28 99 93 3 49 35 91 42 0 8 80 93 56 39 94 26 0 50 0 39 0 36 28 13 8 11 0 4 0 23 0 7 0 90 0 52 57 34 0 27
0 44 87 0 0 94 23 12 52 0 0 70 30 4 86 17 13 74 40 0 23 0 41 0 0 49 40 18 34 0 14 0 0 81 43 17 93 0 30 0 17 62 89 0 8 0 0 0 40 0 0 21 77 77 50 91 4 68 11 17 69 10 29 43 77 35 63 0 0 72 22 25 0 27 95 0 72 99 87 0 81 0 2 0 80 0 22 90 78 60 0 85 88 81 8 14 48 0 18 0
11 85 47 0 3 1 68 48 0 34 56 0 50 0 0 83 0 96 0 0 1 91 66 13 51 9 0 5 16 40 0 72 0 0 0 46 0 65 45 96 6 0 72 34 87 0 87 42 71 93 0 0 0 0 94 36 15 0 77 55 85 72 91 46 74 0 26 21 0 0 31 65 0 85 89 27 0 84 36 91 0 39 0 26 66 67 0 0 72 0 6 0 0 11 0 22 82 18 35 0
0 1 50 0 69 53 13 94 10 29 35 53 6 51 0 97 55 0 35 0 0 0 32 79 89 28 0 93 80 0 22 0 26 76 85 71 39 73 20 91 91 43 0 0 44 0 0 35 0 0 0 54 0 11 52 74 0 0 59 28 93 0 22 0 0 92 69 58 19 50 2 0 0 73 0 19 48 99 0 0 75 0 42 72 0 28 31 54 54 0 0 35 0 0 66 85 19 16 80 4
12 0 78 1 34 45 83 88 25 0 40 15 28 0 0 48 87 0 32 0 50 9 54 0 96 41 95 0 20 0 92 65 27 11 0 15 40 89 49 83 0 34 65 0 35 12 91 54 76 0 17 34 74 40 13 0 32 61 24 82 9 44 0 20 43 66 4 0 91 7 36 0 14 0 0 0 79 0 51 0 98 35 0 0 0 90 62 32 53 12 94 6 96 79 3 34 82 82 0 0
45 0 96 0 0 84 2 0 48 42 49 20 25 31 28 15 62 79 93 0 94 0 42 0 4 37 0 79 45 0 0 0 0 0 62 2 32 27 77 37 0 26 0 0 18 77 2 57 56 68 3 86 62 2 89 17 0 43 15 0 59 0 32 73 53 83 71 22 56 26 18 3 0 82 72 63 61 0 0 75 0 73 11 0 13 59 0 65 0 10 0 17 0 88 94 8 39 0 66 63
77 55 0 18 0 18 0 17 69 79 46 0 57 66 0 0 49 0 52 24 41 25 0 0 0 78 98 0 74 65 0 0 13 36 61 51 72 94 0 32 0 6 16 16 0 6 96 46 33 61 0 97 0 0 0 99 22 59 27 27 76 0 29 60 25 59 16 44 42 44 36 58 57 36 59 0 91 93 58 29 0 86 0 0 0 27 89 81 0 72 0 72 0 59 42 69 0 26 1 0
70 0 0 17 49 39 4 90 0 70 10 20 51 42 77 90 5 0 55 64 0 0 67 0 47 22 68 62 0 0 89 73 22 8 0 74 79 18 67 42 62 37 61 14 82 91 0 0 25 0 0 99 60 0 39 0 78 0 8 94 93 91 0 93 0 40 68 0 39 69 63 61 36 32 34 85 8 36 0 75 0 0 0 63 79 0 25 56 53 35 93 7 71 82 96 51 42 0 35 91
0 34 0 0 13 29 44 66 0 64 0 0 0 0 0 0 47 80 0 68 62 63 13 60 0 0 0 0 0 0 3 77 20 0 0 27 0 0 12 0 63 70 0 22 0 62 80 0 27 80 99 71 57 0 0 0 93 42 47 58 16 43 72 32 50 73 79 54 0 33 92 0 46 26 0 84 17 78 61 68 64 74 0 43 23 69 0 42 88 99 0 1 14 30 19 48 0 77 0 0
72 78 0 57 59 0 21 0 4 20 0 0 0 0 0 31 0 0 56 62 4 68 39 95 87 0 89 29 98 0 0 0 32 19 42 0 55 0 54 33 66 76 0 66 0 0 25 32 75 0 65 79 0 0 59 42 0 94 93 0 40 0 67 56 42 0 53 15 10 46 0 0 0 92 78 11 71 0 61 0 0 24 60 0 13 37 58 0 0 12 64 0 91 49 50 11 33 90 29 92
36 59 30 0 26 0 65 96 36 73 24 84 0 4 92 85 6 0 27 0 0 0 83 29 0 0 65 69 0 81 0 0 65 0 0 98 0 39 37 64 0 21 6 78 54 55 67 5 0 68 0 0 2 0 17 92 2 45 45 14 15 0 21 0 59 72 44 0 0 51 0 66 20 0 0 5 0 0 75 30 0 67 49 0 14 23 20 25 0 84 0 41 68 88 97 0 96 57 0 49
28 24 0 80 0 30 36 90 0 41 98 24 58 0 92 72 29 90 62 96 53 78 0 0 73 0 0 13 19 47 86 78 46 11 36 53 0 28 0 60 0 91 0 0 69 0 35 28 95 73 35 63 51 64 14 2 0 0 0 0 24 70 75 44 0 7 98 39 62 83 0 35 21 41 81 49 57 4 45 0 0 62 38 0 43 0 44 51 41 0 82 72 31 0 81 61 0 0 0 11
97 69 45 75 38 66 71 20 90 4 0 0 0 0 34 0 0 73 30 0 52 69 77 36 82 82 0 0 0 0 0 77 0 79 0 64 0 84 50 13 31 37 2 23 0 37 0 52 23 66 81 67 73 71 0 14 29 26 39 93 39 47 37 50 0 6 16 12 0 9 61 76 64 68 93 63 76 0 92 0 0 28 97 92 0 39 46 79 0 0 0 82 27 0 0 0 62 36 20 0
0 0 88 68 6 62 30 37 49 29 32 53 78 0 22 36 7 0 45 0 86 97 69 0 39 40 84 87 63 63 68 0 58 0 54 23 50 48 65 13 42 0 60 46 69 74 53 0 0 15 14 97 39 0 0 10 48 0 54 0 23 0 0 83 0 60 86 91 36 62 71 21 0 71 25 68 61 59 46 44 92 89 85 0 62 57 93 22 93 87 47 0 0 61 0 92 12 0 45 16
23 81 29 0 73 11 89 24 94 0 0 78 0 0 4 0 61 0 90 0 15 0 50 13 53 41 41 0 0 0 5 60 83 0 87 98 70 26 47 66 56 0 74 40 0 14 58 37 81 56 0 0 43 0 0 22 51 0 0 44 65 0 34 82 23 13 0 0 23 0 69 0 66 0 0 41 34 0 5 0 65 86 0 2 0 15 38 26 45 92 29 0 0 42 69 8 0 76 12 0
78 64 0 27 40 85 0 83 39 16 0 45 59 0 0 41 32 46 96 39 0 24 47 9 0 95 0 0 2 0 0 5 63 73 54 41 0 92 0 0 76 41 0 60 49 43 25 58 0 15 0 67 0 59 0 2 29 25 47 39 47 0 45 37 11 51 87 84 32 83 86 8 11 71 0 52 97 0 94 0 0 0 33 88 45 34 56 35 0 51 17 65 95 0 19 23 0 0 0 0
43 69 70 66 99 52 17 0 72 0 0 0 78 28 71 0 0 17 90 29 0 51 0 1 71 0 0 87 0 0 11 26 90 28 82 61 6 0 71 37 21 73 0 0 61 0 53 51 71 95 46 0 0 0 11 0 49 12 74 86 0 83 5 10 14 6 98 0 50 70 0 49 49 64 41 50 7 0 28 71 0 0 38 35 63 39 34 0 76 95 0 83 0 79 0 0 43 86 78 46
9 66 0 28 0 90 37 0 48 0 52 18 0 0 31 86 0 65 66 0 0 11 0 55 0 11 70 15 91 94 40 38 99 6 64 0 0 27 0 90 24 1 14 65 19 36 76 31 46 63 0 0 0 94 30 0 7 44 0 0 0 0 68 39 0 0 0 58 50 96 7 65 34 97 74 0 2 31 35 55 31 50 83 0 25 0 95 24 78 0 34 81 0 86 22 0 24 9 58 0
73 0 82 0 0 51 0 4 32 47 93 0 0 75 4 25 82 95 97 0 79 0 0 16 0 0 99 15 0 65 91 93 73 0 16 0 23 62 60 25 80 55 52 61 18 28 0 0 0 56 0 96 11 28 38 76 21 61 0 0 0 0 60 0 37 47 50 2 0 0 8 40 8 0 0 47 11 60 10 92 0 58 57 43 0 82 56 10 65 48 61 72 0 24 0 54 0 0 83 84
73 6 42 61 37 0 29 31 92 69 54 0 1 26 0 42 93 82 15 70 30 81 0 39 0 50 31 0 57 0 0 71 38 34 4 65 0 73 51 0 46 0 46 37 0 0 30 47 94 70 0 57 32 0 0 69 0 64 97 0 96 86 29 0 5 46 84 0 46 73 0 0 79 73 20 0 5 60 0 32 0 0 83 36 65 75 38 75 13 86 96 75 76 99 3 0 95 0 51 0
11 0 0 47 0 10 12 0 74 0 0 0 5 17 0 0 51 88 64 0 61 19 0 0 1 22 0 84 96 0 39 0 64 0 71 44 83 76 31 36 46 50 82 0 26 88 96 0 91 0 49 65 15 72 56 22 64 0 94 27 95 57 20 57 0 96 65 0 23 27 98 0 75 0 52 12 0 1 45 0 94 77 31 25 42 15 11 84 0 0 43 8 51 25 49 90 80 63 0 11
5 68 0 1 12 56 0 9 42 66 88 0 0 54 0 21 0 97 72 23 85 0 0 37 0 11 76 39 33 0 92 85 93 0 45 12 82 0 13 27 75 84 0 60 0 0 67 83 49 52 0 22 20 49 99 68 0 12 16 0 42 0 0 7 27 0 68 52 90 30 75 0 0 54 58 10 68 0 37 33 0 28 96 0 0 52 9 10 1 36 36 71 22 0 8 85 0 64 0 0
