150
0 45 54 148 45 37 114 0 7 68 63 0 88 0 116 8 77 0 72 32 130 0 0 27 53 3 118 76 0 79 23 45 55 0 144 0 0 44 50 0 64 0 0 0 0 0 0 144 0 0 13 36 0 126 113 30 0 0 0 123 11 80 107 90 70 55 36 35 0 0 24 147 134 0 60 0 0 46 93 0 0 37 97 0 68 133 52 90 137 0 24 30 22 55 108 4 58 119 139 0 0 0 72 69 48 0 147 114 61 116 39 0 149 61 37 9 0 0 72 146 141 2 142 0 98 0 111 0 0 79 25 85 30 41 3 0 0 0 0 48 40 128 148 0 129 123 82 15 55 99
76 0 11 41 66 0 111 106 147 0 127 0 149 51 3 0 0 15 55 106 0 67 2 0 46 126 0 94 64 0 17 69 0 52 4 0 128 0 0 40 101 0 109 64 0 6 0 108 16 136 0 149 0 70 36 0 0 136 11 139 0 131 0 0 45 41 5 0 78 0 117 82 83 0 13 0 31 14 0 35 1 0 24 36 115 0 38 134 61 33 0 90 0 0 8 61 78 0 102 38 0 0 135 131 67 0 89 21 74 15 110 0 43 47 148 79 50 24 0 88 27 61 0 29 142 66 35 42 64 0 122 0 0 47 131 0 133 111 11 0 0 133 77 86 0 144 108 96 122 0
0 37 0 37 145 44 84 0 129 0 149 131 10 56 0 78 96 139 51 0 31 99 58 0 9 49 27 82 53 88 5 45 117 0 0 143 78 116 115 73 0 0 98 128 0 30 77 0 19 103 0 93 23 23 60 33 0 0 15 0 0 140 0 128 51 27 143 13 0 31 102 68 0 70 93 0 78 133 145 35 43 141 95 54 19 37 51 143 55 65 58 89 75 144 0 0 101 110 46 0 121 130 124 91 0 0 1 0 0 93 0 2 0 0 98 0 71 30 68 0 124 31 103 54 0 0 148 139 37 81 0 99 99 28 91 0 0 92 25 145 32 82 0 111 0 0 91 5 112 104
98 96 25 0 0 89 106 119 79 0 0 96 0 25 0 0 70 0 52 12 129 113 127 0 0 126 31 0 36 103 0 111 13 109 0 17 96 44 0 66 93 46 0 47 46 0 0 100 87 79 90 56 0 87 0 41 119 139 0 33 43 34 67 82 64 75 45 0 132 45 8 120 79 0 40 0 68 123 122 4 124 0 0 0 12 0 60 120 134 0 0 10 0 146 43 77 10 47 100 15 129 51 17 43 116 91 144 131 20 88 0 36 0 94 42 17 46 0 55 28 0 0 125 3 0 54 48 97 103 11 0 85 147 56 134 0 140 33 0 0 41 117 0 3 136 22 58 32 34 0
88 0 144 54 0 53 140 0 87 93 125 16 142 0 88 130 102 149 65 67 0 0 111 87 98 4 129 70 83 68 60 11 0 53 77 107 0 0 48 118 145 0 11 0 0 114 0 139 0 0 90 79 23 114 105 0 53 0 0 0 124 32 0 0 141 0 97 141 115 0 71 80 40 0 107 80 121 77 55 0 0 33 136 79 119 0 23 31 21 38 1 94 0 0 17 0 2 0 112 22 8 0 137 42 137 145 128 143 0 0 0 56 40 131 67 98 148 71 34 107 90 0 0 0 0 149 0 27 141 0 78 25 69 100 59 87 0 93 111 0 0 109 0 36 1 0 28 52 76 141
0 100 0 53 51 0 93 0 0 145 0 0 9 149 0 72 75 78 0 24 27 70 93 3 27 0 0 138 148 100 28 54 119 42 0 45 0 96 31 0 115 0 31 128 0 0 0 95 0 0 0 127 123 139 123 0 47 88 54 0 0 127 105 129 2 45 0 140 7 0 117 123 55 46 33 128 114 0 110 140 139 140 0 18 42 87 0 149 22 0 0 89 5 124 0 69 33 0 23 0 17 18 80 0 140 26 5 96 79 112 0 0 0 19 148 0 0 115 64 85 99 79 24 89 87 0 0 72 139 94 78 10 7 0 66 0 62 126 0 0 17 0 83 0 144 7 0 0 80 87
118 67 0 53 7 36 0 26 128 134 139 35 0 13 0 0 95 37 131 80 23 0 107 0 106 0 0 0 0 0 0 103 0 47 0 122 145 124 41 131 145 0 85 96 25 86 109 13 62 0 90 0 69 8 2 56 59 0 29 15 0 11 0 85 20 0 0 67 144 0 29 0 64 43 142 119 0 136 0 0 0 0 117 9 10 94 5 0 117 129 0 149 64 121 38 51 115 121 88 109 24 0 42 18 3 52 44 96 106 0 0 132 0 21 53 20 63 44 99 123 0 0 42 0 0 0 103 111 108 39 0 32 25 109 143 29 71 145 106 57 30 39 2 84 103 57 128 0 27 92
0 89 149 104 46 0 105 0 128 23 59 65 117 72 50 135 4 73 74 16 0 129 63 9 139 0 104 100 141 0 119 0 0 52 10 0 0 87 54 57 87 81 20 137 61 21 30 131 0 58 0 84 0 0 143 0 40 146 0 123 0 27 0 125 42 0 117 0 62 40 25 91 119 6 19 143 5 0 0 68 48 0 122 38 21 121 139 2 66 95 104 13 17 142 50 56 147 0 140 72 47 112 0 0 123 0 16 29 121 120 66 37 118 135 133 41 24 137 81 23 0 142 120 0 0 144 100 41 43 49 93 0 53 27 13 0 44 143 37 133 0 77 40 92 122 0 0 5 59 61
98 0 0 94 24 133 15 93 0 93 77 12 24 0 25 20 144 3 63 0 136 125 20 120 49 0 25 0 138 0 95 0 42 82 110 0 0 36 12 23 138 69 0 43 87 141 71 59 36 0 0 0 0 0 41 77 0 0 27 26 0 89 0 23 0 0 0 33 32 39 95 102 105 0 97 103 85 48 12 27 129 0 50 0 119 73 0 0 52 129 52 79 60 0 99 48 0 3 22 6 0 33 108 133 0 15 111 44 22 0 0 48 0 75 88 0 122 0 87 62 0 0 0 0 62 75 0 0 91 29 0 23 53 39 0 110 70 0 4 53 0 0 52 0 95 5 135 132 23 132
29 81 0 3 103 42 30 128 0 0 53 0 134 29 8 59 0 100 147 44 66 123 63 0 104 0 84 49 66 0 39 86 0 141 0 77 118 42 38 145 34 67 116 5 0 0 66 137 63 0 0 71 0 1 110 79 124 0 149 0 126 0 1 74 28 55 0 82 0 50 106 0 82 128 115 17 0 0 106 141 103 129 48 13 78 51 46 35 99 109 67 29 0 137 114 0 93 123 0 61 129 47 0 0 0 86 0 115 52 90 96 0 139 132 0 0 73 124 0 136 0 0 147 67 0 0 126 88 0 128 0 82 23 28 41 67 136 23 148 134 0 0 96 87 91 131 119 24 125 17
0 0 0 0 47 0 104 36 120 140 0 9 121 56 101 81 62 0 90 3 70 116 137 126 0 61 0 0 0 106 84 0 112 76 35 100 0 0 0 11 127 142 0 9 102 109 0 86 75 0 39 100 36 119 108 0 32 132 0 0 43 26 0 118 140 39 134 42 0 74 0 0 37 140 54 113 55 121 63 35 56 0 8 79 0 0 97 131 114 0 0 0 122 26 139 103 0 86 68 0 74 101 94 142 62 0 78 0 63 30 30 10 12 66 7 148 0 0 0 76 0 11 101 0 85 53 125 61 7 0 6 138 47 62 15 121 97 42 25 0 95 0 42 145 149 0 64 0 141 67
0 73 122 65 52 117 0 0 109 77 27 0 34 0 0 0 103 29 0 83 90 95 48 0 118 102 5 107 0 35 104 88 40 0 0 52 0 0 144 44 30 0 97 40 0 0 0 103 47 10 104 50 73 0 121 93 0 0 0 79 88 100 0 0 132 15 94 0 135 45 140 59 7 22 0 44 20 120 13 78 0 0 83 9 39 37 27 0 0 116 0 0 13 116 61 136 7 133 0 147 29 0 78 7 8 9 82 139 77 87 68 102 0 140 11 84 85 71 91 123 0 27 55 48 0 29 48 12 0 97 118 32 122 105 0 0 32 125 147 24 45 0 45 0 0 0 42 41 0 116
0 141 81 0 68 27 0 148 140 30 58 0 0 68 0 118 91 139 112 120 0 0 112 76 38 119 116 100 0 0 88 108 0 0 0 129 75 84 11 40 63 6 0 0 66 0 24 0 144 65 83 105 0 0 19 57 92 0 148 0 85 28 0 65 12 76 22 0 0 119 91 10 0 1 0 95 0 0 0 115 120 0 10 100 0 3 10 0 0 53 0 0 18 0 0 144 107 0 19 149 20 20 22 93 115 65 44 106 0 0 102 143 142 32 0 0 26 115 67 0 0 107 69 0 0 48 130 91 0 0 142 113 97 20 44 0 136 119 141 85 92 116 138 34 146 0 0 0 0 87
20 144 3 46 1 143 39 0 113 0 0 121 43 0 84 40 19 50 138 0 101 0 97 144 5 84 45 92 0 146 54 99 142 0 23 44 0 0 53 0 24 0 121 49 0 0 68 0 48 61 21 0 1 146 0 23 70 41 29 0 147 6 0 92 0 114 94 141 138 29 48 0 0 143 114 111 87 129 119 81 6 133 0 0 72 117 0 0 71 10 10 126 0 81 0 91 95 134 0 0 0 87 135 144 0 94 19 0 61 65 0 121 59 124 7 101 0 15 16 7 0 0 47 42 10 111 0 0 108 0 5 0 137 21 0 73 0 0 149 103 55 0 102 7 39 9 114 76 18 0
0 146 128 66 108 87 142 88 49 17 50 0 48 0 0 0 123 0 54 0 6 0 0 58 40 93 40 0 40 0 123 0 65 0 0 42 106 0 49 0 0 140 82 111 48 0 0 1 0 63 127 54 89 111 0 149 131 0 10 57 112 77 0 116 142 70 0 0 87 0 37 109 0 0 53 0 121 138 79 38 61 125 117 64 131 0 148 84 0 59 1 11 0 0 33 125 149 0 68 126 44 147 138 128 134 27 0 0 128 88 135 0 88 0 48 102 12 0 7 0 56 94 36 0 97 96 0 104 133 0 50 0 0 128 106 0 93 0 10 80 53 12 140 126 135 65 129 0 56 56
140 83 0 0 0 19 0 147 110 0 41 0 119 0 79 0 97 0 148 61 0 54 0 90 61 45 0 89 142 0 50 144 112 44 0 0 136 99 71 0 35 23 0 0 0 0 69 95 0 0 115 0 0 120 0 0 121 119 0 0 130 36 18 0 26 83 109 121 135 83 142 67 53 116 27 0 0 0 30 31 135 0 123 108 61 0 146 121 0 12 26 83 0 0 42 141 32 137 0 0 0 8 0 130 62 47 103 93 0 0 92 0 81 45 139 0 0 125 0 0 44 76 0 83 83 97 74 23 28 53 0 50 58 95 4 0 122 44 0 53 45 20 0 0 0 0 12 0 0 123
0 54 96 30 0 74 99 0 83 123 94 0 0 131 124 11 0 25 117 109 67 112 0 121 123 12 0 76 106 130 0 142 39 24 0 17 7 130 60 0 96 141 71 62 98 0 114 26 31 129 23 2 26 56 100 45 62 28 2 3 0 57 77 0 0 105 0 109 0 67 66 70 37 0 143 13 0 119 48 0 0 12 3 126 0 144 0 103 34 39 0 82 17 0 36 7 41 36 0 123 108 69 0 0 74 129 101 145 62 0 99 7 135 59 0 9 55 148 133 0 107 141 29 16 0 0 0 0 33 0 68 128 0 0 145 62 12 115 5 0 0 53 0 92 94 32 3 0 78 0
144 16 0 29 71 115 139 62 149 0 75 22 63 0 0 92 96 0 0 127 0 82 144 89 0 77 0 0 0 7 0 42 24 0 38 101 98 71 15 0 0 21 141 110 109 0 71 96 6 83 43 143 105 0 72 88 49 138 0 148 0 143 116 58 123 19 75 138 42 0 41 2 138 0 6 102 0 62 61 0 5 0 101 0 15 0 73 77 0 0 0 0 79 135 0 119 76 0 77 140 0 0 100 60 0 39 113 63 104 96 0 24 20 0 0 9 44 134 94 88 53 19 5 0 72 106 39 117 0 123 96 74 16 131 12 50 0 121 21 54 44 0 0 83 81 54 46 9 128 116
32 0 0 0 12 50 0 64 10 129 0 0 28 0 0 0 68 59 0 126 135 129 86 0 0 138 0 120 0 132 7 87 0 37 68 35 0 109 0 7 0 146 32 5 11 144 96 0 66 58 45 26 71 0 123 147 0 138 16 115 32 43 45 76 42 0 0 75 0 84 0 30 65 57 52 0 42 25 0 51 123 0 0 0 25 87 110 123 0 62 0 130 114 40 0 146 0 0 103 105 89 0 0 40 89 69 149 68 0 0 2 0 87 0 49 0 70 46 0 0 99 112 0 0 48 62 104 83 17 57 102 0 0 0 132 135 92 79 0 46 99 117 97 23 129 56 44 0 14 120
0 0 69 0 0 7 88 0 124 76 99 103 22 55 136 130 126 79 0 0 0 95 66 0 44 36 128 0 126 123 0 136 6 0 5 38 16 148 131 22 15 0 141 146 21 64 0 0 71 0 106 130 92 48 0 30 136 118 127 0 0 6 52 0 47 0 124 107 0 120 77 0 147 1 18 121 0 107 91 0 9 105 0 79 0 0 25 6 9 0 16 121 29 99 72 122 7 29 0 54 15 0 0 0 104 7 25 115 63 0 142 0 101 46 87 0 112 96 0 0 64 79 0 128 0 0 0 74 80 0 52 131 25 0 80 101 10 24 48 76 0 0 5 136 0 101 107 0 0 77
53 129 133 0 70 0 57 52 125 0 0 0 125 0 125 28 112 0 9 124 0 0 29 50 127 23 0 122 0 69 24 73 87 45 67 0 88 27 128 43 25 111 16 121 66 0 31 29 0 124 148 76 0 89 0 78 79 139 0 0 0 93 56 93 86 40 69 85 144 52 61 90 30 108 93 0 0 60 34 0 0 93 0 0 131 80 0 0 134 0 125 0 70 44 105 141 0 95 97 0 92 39 40 106 140 102 73 136 0 0 0 87 0 99 0 41 51 50 20 141 9 81 80 0 0 68 10 77 22 12 130 77 0 35 135 130 27 46 0 102 13 0 87 59 2 24 0 57 0 86
0 6 80 112 114 120 0 0 146 114 131 0 101 87 37 15 133 1 147 103 31 0 122 137 24 85 145 0 99 125 23 98 89 16 0 65 0 141 138 128 120 51 0 83 0 85 0 0 0 0 43 0 61 109 0 0 135 83 66 92 0 0 0 6 63 0 6 27 18 14 60 100 146 0 0 91 31 14 0 101 95 145 110 42 0 0 116 23 0 30 138 0 95 144 0 0 47 43 121 0 97 0 103 130 10 149 5 46 72 18 70 0 0 97 77 0 28 75 0 145 39 142 98 48 62 1 138 0 139 0 16 0 71 0 123 4 26 105 42 0 52 125 87 80 137 0 15 0 140 0
30 0 15 15 14 0 47 0 20 81 147 57 71 98 19 41 0 125 110 41 63 39 0 143 16 36 74 48 75 98 69 0 0 117 135 95 16 6 94 16 49 0 0 21 68 50 23 0 149 73 100 45 0 112 113 33 4 15 2 131 0 17 121 11 130 134 62 0 26 7 0 130 0 0 143 15 43 0 0 113 0 0 0 45 81 0 125 45 83 92 0 0 87 40 12 37 0 0 30 75 43 122 0 54 33 146 52 0 140 43 127 0 0 0 114 127 0 0 0 84 103 0 0 0 9 145 49 120 128 108 119 90 99 134 0 84 0 59 83 92 0 52 18 93 75 91 0 0 0 117
0 22 141 3 126 99 0 0 52 144 0 106 76 55 43 79 94 118 26 0 89 80 0 0 94 30 38 0 120 130 32 0 0 114 0 0 72 0 0 0 0 0 0 130 85 76 90 56 109 79 0 0 100 80 2 146 0 29 11 76 89 114 85 86 0 89 128 0 0 137 0 69 119 115 0 0 0 83 0 54 0 22 113 129 128 47 24 44 135 94 137 91 100 38 0 23 62 135 142 0 1 114 94 40 0 70 0 2 0 42 78 84 99 92 37 107 104 0 118 54 47 0 45 0 0 5 23 59 33 8 7 124 0 0 6 0 71 0 66 63 43 66 75 0 97 0 0 0 0 90
0 0 115 81 0 141 0 0 138 0 62 138 0 0 0 0 13 122 0 139 108 35 0 30 0 0 2 120 67 34 5 39 30 52 99 123 98 0 0 78 1 11 0 81 0 0 0 0 131 0 21 7 80 0 61 0 133 32 0 0 110 69 0 0 0 30 107 119 0 36 0 83 136 38 72 13 0 0 38 87 0 90 131 0 78 103 0 86 2 105 82 0 51 102 0 119 106 41 102 47 128 0 115 99 130 0 27 0 113 131 0 0 0 33 2 0 106 21 42 56 0 51 0 122 26 27 0 0 0 0 12 0 4 66 0 51 67 125 68 0 0 134 0 45 145 0 37 57 100 124
29 139 135 129 0 88 120 145 80 94 37 144 99 0 12 0 132 74 0 0 31 139 0 0 0 0 0 61 70 57 34 0 0 23 114 74 0 0 0 86 117 0 0 122 0 0 40 64 71 11 38 140 0 76 36 0 99 4 140 54 0 96 82 118 130 0 0 0 136 72 134 22 0 32 14 0 137 143 4 110 135 0 66 81 133 0 99 61 2 95 140 91 76 140 89 0 121 78 0 72 15 139 116 50 145 0 0 0 48 0 141 146 77 0 26 149 0 135 72 143 0 5 0 20 53 142 31 42 147 6 0 121 36 0 125 51 27 0 0 81 0 0 0 0 0 24 124 13 114 64
0 69 0 0 96 41 111 0 29 79 147 142 0 0 40 104 62 64 3 34 92 145 0 86 96 92 0 124 38 147 0 133 66 109 0 0 0 0 3 60 0 72 86 134 143 55 0 67 32 145 0 0 49 0 0 71 0 59 15 0 125 0 108 50 33 0 0 117 0 22 0 0 138 0 115 0 69 0 32 109 0 126 106 15 0 122 125 76 0 0 0 20 84 2 0 44 137 27 148 0 129 70 0 64 0 70 0 129 0 127 0 0 139 143 56 0 39 55 125 0 52 29 0 137 100 125 0 84 53 109 0 137 0 116 131 59 0 120 56 21 12 0 0 0 47 0 22 72 0 144
0 114 12 0 31 23 39 21 23 48 0 128 62 71 43 123 36 0 146 0 109 23 0 147 109 0 0 0 119 0 92 104 133 131 54 0 93 105 139 20 30 52 138 93 14 130 140 10 0 13 107 124 139 0 0 127 0 73 65 0 49 0 0 0 0 2 0 83 112 148 91 57 0 87 0 0 60 142 0 18 59 60 100 98 0 132 60 57 17 0 88 87 0 113 111 98 52 146 41 97 0 122 41 120 53 0 137 125 127 0 0 0 0 145 98 53 121 11 130 49 148 10 100 44 89 0 72 86 100 22 145 62 43 78 114 142 140 63 0 147 0 0 91 57 145 117 62 91 86 0
131 60 17 42 45 18 100 57 29 0 80 102 48 23 86 0 0 24 39 97 141 104 0 125 118 83 0 0 0 38 130 69 0 111 82 69 0 12 0 11 116 12 0 149 0 54 139 60 33 0 0 54 117 0 18 67 91 137 16 147 0 70 0 0 3 124 141 48 106 0 45 124 0 36 0 0 0 66 0 47 113 117 48 0 7 0 14 1 33 22 122 0 0 0 94 0 139 0 79 0 129 24 0 119 48 0 88 0 118 19 133 27 143 0 0 115 125 73 0 106 0 128 47 0 0 132 108 0 113 0 73 93 24 116 69 54 72 7 8 9 0 100 0 0 59 139 116 3 70 0
0 94 147 27 4 118 105 0 0 0 0 97 0 116 68 144 0 0 12 0 117 51 101 98 82 112 20 0 49 0 74 0 138 0 108 53 0 0 82 17 88 58 100 107 0 25 118 41 146 127 43 117 66 4 0 0 62 106 128 0 43 0 14 0 66 79 9 145 37 129 43 61 72 82 38 106 0 0 110 0 130 0 135 140 60 0 4 41 80 119 29 27 88 88 61 0 58 16 0 48 144 0 0 90 0 78 53 0 26 67 39 34 121 41 107 97 0 0 0 8 0 98 129 98 7 110 119 17 95 91 60 22 146 119 0 81 42 0 101 56 24 81 0 113 58 92 76 124 20 63
0 34 93 120 95 6 0 10 127 0 0 0 133 62 18 0 126 104 50 140 90 135 27 136 54 0 116 0 44 6 0 99 24 9 7 0 11 22 13 0 126 70 25 0 0 0 58 0 129 0 56 17 0 0 39 137 75 0 126 0 13 0 96 0 55 126 122 0 68 27 20 0 105 104 0 99 0 120 0 118 0 85 5 121 0 65 142 123 4 0 0 121 145 89 42 71 57 25 0 45 115 0 138 53 0 0 0 0 10 0 0 57 93 65 0 57 116 146 117 0 67 111 56 100 90 0 48 8 21 13 0 86 0 139 0 95 0 110 20 149 61 134 94 0 0 41 39 2 103 0
50 40 140 120 101 129 111 0 131 112 0 64 101 87 67 77 0 0 0 6 4 134 0 65 120 8 16 78 0 18 12 0 92 0 0 0 17 13 0 59 120 0 115 45 36 0 0 106 66 5 46 108 0 141 105 56 109 19 96 90 126 0 0 0 0 72 37 0 52 91 0 113 30 21 98 66 122 19 112 0 39 0 23 0 106 99 0 145 142 0 39 52 19 123 0 0 0 137 0 66 84 94 16 41 0 62 105 50 97 0 0 55 125 0 106 0 2 84 0 117 143 129 122 147 89 0 72 74 0 0 70 0 144 102 14 106 0 88 0 118 85 102 125 0 38 0 7 116 32 147
97 29 137 75 55 137 21 60 135 0 129 54 0 0 0 93 0 6 99 16 101 123 94 1 134 49 112 42 83 0 137 110 0 124 51 102 117 57 105 0 59 109 81 145 34 0 141 62 79 107 73 142 12 132 21 17 10 0 0 75 26 113 88 136 25 0 9 132 64 68 43 0 131 57 56 0 0 135 0 29 39 84 0 124 48 59 116 0 54 19 125 0 0 3 0 65 16 21 0 70 129 90 117 18 0 0 0 59 98 25 103 89 0 0 0 129 0 97 65 118 0 0 143 0 40 147 2 31 49 121 43 77 53 50 88 95 80 0 0 135 11 35 102 89 110 0 133 43 72 7
34 0 109 71 23 142 95 0 38 68 46 0 0 63 144 31 39 15 4 0 138 87 73 14 133 58 130 0 71 87 129 3 0 0 0 136 130 0 46 48 69 28 66 110 0 32 54 48 0 113 130 1 52 17 0 25 132 0 0 102 0 3 92 66 0 114 0 128 133 94 148 113 0 54 46 80 109 102 0 141 0 106 105 4 149 46 83 104 0 4 0 26 102 0 114 146 0 115 127 27 0 107 11 18 135 0 61 72 101 14 81 98 0 134 58 0 0 0 0 118 15 13 34 112 0 0 0 108 0 126 74 124 127 0 133 61 0 139 131 0 0 0 120 0 0 89 105 0 0 11
144 19 19 102 18 0 75 0 144 118 0 48 67 0 0 0 79 107 87 0 79 31 73 0 0 0 140 6 12 0 0 0 91 134 0 80 0 101 98 28 106 40 12 73 90 31 57 128 6 46 0 103 11 73 0 66 0 134 0 21 76 13 63 17 3 0 31 116 64 0 57 29 144 126 107 105 0 90 43 106 0 0 62 0 32 19 0 14 55 0 26 0 33 108 114 17 0 83 52 148 0 0 75 137 0 54 88 34 76 21 90 128 20 119 134 132 42 73 68 16 112 0 123 83 69 14 82 33 60 74 135 107 110 55 82 0 66 60 107 91 0 96 0 81 110 0 97 63 10 1
134 135 53 82 27 0 1 29 0 57 5 0 18 27 76 20 71 147 0 111 82 0 21 93 35 51 72 1 15 0 0 43 133 5 0 0 77 0 0 0 22 36 119 70 43 9 112 27 0 0 80 106 0 98 26 3 53 83 0 32 0 136 85 118 88 20 0 75 82 31 0 132 126 0 0 0 0 79 42 0 0 32 131 0 145 139 30 0 149 0 0 66 9 0 95 0 0 96 0 138 24 99 0 108 5 21 119 17 60 0 0 120 67 77 107 86 0 142 31 0 0 0 128 138 0 147 125 62 0 83 76 76 0 114 125 0 0 20 10 55 125 93 0 129 26 68 0 36 0 0
62 105 0 28 0 107 0 62 13 122 0 133 0 129 108 0 59 10 0 65 37 7 72 1 149 23 0 19 0 42 15 0 0 14 144 0 0 115 0 55 137 0 0 108 0 45 40 36 25 11 96 103 42 0 8 87 26 0 0 0 0 0 102 85 0 130 102 0 132 3 97 66 134 42 107 87 124 97 130 44 106 118 100 123 0 99 0 12 24 0 109 0 0 42 28 17 119 60 25 0 34 128 89 27 3 19 98 142 88 0 73 8 56 0 86 2 0 0 0 102 104 0 0 85 68 19 0 0 0 122 5 73 94 112 5 149 39 126 67 127 13 94 109 0 101 88 149 0 0 0
146 0 135 0 82 85 126 99 81 134 0 13 0 0 118 8 106 0 0 0 130 112 4 37 144 6 120 0 0 73 76 8 68 37 89 0 59 0 0 5 0 87 0 111 147 119 0 0 50 21 38 0 0 74 103 47 104 119 45 0 76 92 0 80 0 85 126 40 93 111 75 113 40 0 82 84 0 0 123 88 128 25 100 12 9 14 70 0 0 7 0 0 0 49 132 144 114 33 124 110 136 0 0 115 83 15 0 132 96 0 97 0 109 114 0 143 115 132 49 37 118 117 141 74 56 85 0 134 147 0 0 0 138 48 134 22 8 0 0 55 22 0 0 55 114 114 0 127 0 148
79 75 0 67 134 64 148 30 0 0 0 0 80 81 66 19 48 112 0 10 0 137 61 0 0 15 0 103 0 15 4 95 30 145 0 85 0 25 0 121 0 0 59 0 138 67 0 55 116 0 0 77 0 0 83 76 0 70 0 0 126 82 68 73 0 106 53 93 0 64 67 0 148 0 124 139 135 3 0 0 112 107 24 103 28 21 108 0 65 55 88 83 0 58 0 12 49 0 101 91 130 4 116 0 97 12 47 49 42 110 44 32 101 0 136 0 115 81 148 57 0 103 51 0 99 143 127 0 122 53 9 120 0 70 51 87 25 36 0 124 0 0 0 122 8 0 0 26 0 0
37 67 0 19 63 131 0 3 146 111 80 0 0 115 73 0 29 65 43 85 30 24 65 29 0 0 8 0 98 0 0 85 0 72 0 0 0 0 72 0 0 136 107 0 51 38 139 0 34 78 116 130 143 138 112 51 86 118 0 25 12 0 0 0 149 138 23 16 61 0 0 109 136 0 27 110 15 101 58 32 3 125 10 68 11 0 0 0 138 0 0 0 140 147 6 53 68 119 81 1 103 83 35 27 88 0 33 0 81 86 0 0 106 129 0 1 53 3 95 0 60 1 89 0 40 0 148 126 29 21 61 0 97 108 0 40 89 75 18 75 51 0 144 0 102 0 0 25 71 107
80 143 141 37 0 145 122 10 127 75 0 149 123 0 19 0 0 139 0 0 89 0 45 31 8 145 86 128 15 39 0 82 147 127 51 143 0 109 0 0 0 31 114 143 118 1 50 25 15 32 87 0 0 0 47 0 96 146 32 0 77 7 138 0 93 0 57 149 0 11 2 120 85 37 59 104 0 74 98 78 114 91 10 31 0 0 0 142 119 76 7 56 56 101 84 29 0 110 71 7 87 25 117 60 0 68 0 113 53 88 35 115 0 0 69 55 0 3 0 0 0 0 80 47 58 0 41 0 36 110 38 81 0 45 111 100 99 0 0 38 90 124 0 0 0 70 142 34 84 51
0 0 10 130 6 0 43 0 0 0 2 0 109 94 115 22 44 85 40 0 0 50 108 0 62 130 0 0 91 0 118 131 138 0 38 89 25 75 88 141 40 0 146 100 0 138 0 57 0 0 46 79 78 0 0 43 81 45 0 0 0 0 0 128 0 49 48 86 81 0 34 83 51 7 90 0 0 59 96 0 114 0 59 58 146 15 0 0 128 0 119 43 35 139 97 16 98 115 149 73 109 124 134 24 58 0 60 0 78 27 31 93 31 32 6 55 57 9 37 99 53 7 59 0 120 128 23 0 0 18 108 89 86 49 0 21 48 125 0 26 0 43 30 14 0 92 0 118 104 133
146 58 65 0 134 94 122 18 0 0 0 129 93 68 28 0 90 66 77 0 142 21 0 43 81 0 48 18 0 0 25 0 0 88 80 23 0 89 0 71 108 0 0 0 0 146 33 0 100 100 53 0 131 0 113 47 97 60 77 0 86 0 0 46 4 0 91 0 60 5 0 81 79 0 0 0 34 68 0 0 73 0 125 144 74 5 84 112 6 120 46 62 38 118 129 0 67 9 0 105 28 2 146 0 73 84 143 59 112 132 96 0 87 115 0 123 27 149 119 61 124 0 0 7 15 149 69 0 0 97 0 0 0 84 0 38 0 0 12 45 66 125 0 62 83 125 0 79 0 67
66 142 104 95 21 0 0 69 66 0 0 140 127 102 94 143 111 10 90 0 138 115 27 115 6 64 115 68 146 117 118 110 57 48 0 39 4 59 33 93 16 46 125 0 0 39 32 0 119 38 82 86 74 68 0 79 26 0 0 57 86 105 142 114 10 77 108 0 24 126 0 91 100 82 4 129 12 1 28 0 123 0 141 93 0 117 0 40 76 0 0 18 123 32 26 0 119 0 0 32 0 60 146 143 18 0 0 15 0 0 0 0 94 0 55 121 22 49 0 145 122 98 35 0 8 0 58 141 101 131 68 81 139 42 75 133 0 0 54 46 91 56 59 71 142 0 13 132 75 0
0 75 149 0 0 0 66 124 0 97 0 131 0 71 66 0 7 0 70 116 0 56 85 69 0 22 57 73 99 0 0 31 141 132 0 86 67 39 125 12 16 5 38 106 0 29 36 8 64 11 21 79 108 81 0 12 136 85 0 0 0 135 14 115 93 131 148 1 9 0 37 61 21 103 143 76 0 95 30 71 80 0 0 0 0 106 136 140 8 0 47 60 0 139 89 0 144 1 0 49 122 127 68 85 132 58 9 6 30 0 6 0 0 34 128 61 0 77 86 21 71 64 0 0 0 147 91 0 65 131 101 63 0 118 0 58 17 38 32 0 27 0 0 119 87 6 148 0 61 0
0 141 91 71 0 15 26 0 113 21 0 46 103 62 68 141 78 40 122 127 91 137 81 87 0 118 137 21 0 35 0 116 0 53 5 0 0 0 82 108 33 28 36 71 0 0 19 8 30 53 139 0 0 1 54 9 10 96 144 0 127 30 41 37 148 61 24 96 140 0 0 54 116 0 0 30 16 0 103 36 100 0 20 114 112 21 0 123 100 0 0 14 92 62 121 21 122 88 0 0 95 0 0 34 91 29 0 149 0 0 0 0 33 11 22 37 0 134 10 77 0 0 0 0 0 40 0 0 0 0 104 69 97 83 39 78 120 75 97 8 87 38 2 38 146 140 0 0 55 0
65 34 13 60 0 93 42 128 149 35 0 36 0 36 62 97 0 144 0 47 129 0 49 106 109 51 0 18 89 34 146 122 0 29 91 126 0 48 143 31 0 41 110 68 29 88 0 119 55 0 0 33 104 0 65 0 72 110 0 135 49 23 0 0 6 31 0 66 144 106 137 0 143 0 0 85 112 12 25 47 143 115 59 124 0 127 0 85 0 126 0 0 0 72 146 44 133 0 109 82 0 0 35 0 7 0 0 139 16 32 131 29 0 107 73 147 69 0 31 146 51 27 124 0 120 78 143 0 67 6 0 17 0 29 127 0 29 31 0 108 124 0 43 0 82 9 0 88 32 13
112 125 130 0 20 47 73 0 0 53 21 145 0 16 0 131 86 52 0 21 0 120 0 49 112 1 124 128 0 0 92 45 132 132 0 35 99 141 7 58 23 0 0 0 66 91 0 0 102 137 17 105 66 62 0 40 97 138 36 0 138 0 58 0 0 40 0 0 134 16 0 0 118 0 0 0 0 0 0 81 63 101 51 25 0 101 129 111 109 91 76 0 34 41 75 142 28 0 0 120 34 0 0 63 61 0 27 132 86 5 63 0 57 0 5 0 27 128 75 64 85 72 0 119 102 0 39 22 42 38 31 68 8 0 0 0 131 131 18 0 0 0 0 0 0 0 0 76 50 0
75 117 63 64 131 22 106 36 104 107 123 141 25 68 75 123 84 0 21 0 93 142 6 89 0 0 0 59 0 74 44 0 0 83 127 71 0 0 0 0 23 0 0 0 127 87 139 7 0 38 0 42 15 123 0 0 86 0 66 148 0 28 0 0 40 113 28 11 77 54 103 28 30 98 0 0 0 0 141 70 0 92 99 36 18 0 126 135 46 0 7 0 0 121 59 101 14 116 0 0 33 79 0 131 21 1 75 0 46 59 48 0 0 0 8 83 24 102 0 0 3 0 0 115 136 139 63 0 83 19 114 36 0 23 0 134 119 49 43 0 0 24 43 0 71 9 86 108 110 129
87 73 0 139 96 89 31 82 30 14 0 78 53 146 20 34 32 0 48 131 0 25 30 0 25 0 46 102 22 53 85 132 35 0 122 0 0 53 51 0 88 91 56 1 113 0 135 8 28 0 122 99 32 0 114 85 47 10 29 91 0 123 117 93 0 28 0 31 29 75 149 0 0 0 0 100 45 0 6 108 93 122 0 130 104 0 87 33 9 34 64 0 120 0 105 26 103 47 98 19 118 0 46 21 109 0 0 138 67 0 94 72 104 0 26 65 119 15 0 88 0 114 25 3 125 82 147 28 13 37 67 33 0 0 21 0 0 3 104 31 0 79 0 45 134 80 101 146 61 0
134 0 0 149 0 0 124 18 117 60 55 0 144 24 0 98 110 25 35 0 27 125 139 112 0 0 134 122 144 129 85 73 51 128 148 0 40 0 77 0 0 47 148 0 142 0 41 30 5 54 0 4 28 80 65 0 127 94 125 46 45 127 40 10 26 46 0 91 4 5 147 0 9 93 99 14 50 45 0 97 0 111 141 88 140 0 45 129 0 135 2 54 0 60 0 0 84 98 0 0 27 111 0 84 0 34 143 92 39 22 46 79 96 0 76 0 137 128 79 117 0 53 28 87 35 134 0 10 5 57 38 13 123 97 97 67 73 0 138 0 131 70 70 62 86 0 0 7 0 12
144 0 71 117 119 41 62 140 100 72 18 135 0 129 76 68 0 70 4 140 78 88 123 57 0 60 67 10 63 27 103 78 0 80 127 27 0 0 122 104 82 0 0 0 69 51 73 0 56 73 0 0 93 5 100 144 0 85 0 108 139 26 134 0 35 0 19 0 121 43 54 0 50 63 0 144 29 40 135 60 0 124 26 133 0 63 110 139 0 43 59 77 0 92 96 80 63 68 36 0 32 29 0 24 0 135 104 148 140 61 0 0 42 52 129 0 67 0 0 0 33 0 67 0 0 1 0 148 77 78 0 36 0 69 63 44 6 0 40 0 0 30 118 65 0 0 28 36 25 0
0 107 0 56 0 14 4 59 85 0 52 0 45 73 0 19 46 31 0 15 33 21 11 61 85 0 75 113 0 145 1 6 105 73 5 78 105 0 106 21 131 121 120 0 83 141 114 0 14 57 124 55 0 73 79 67 0 36 27 103 0 67 63 53 0 46 0 0 2 0 0 57 42 18 126 25 56 45 0 36 0 47 0 7 51 0 120 128 147 147 133 144 103 54 0 127 115 97 0 0 28 106 4 100 12 80 0 132 53 86 54 0 125 0 114 20 0 115 58 0 64 0 18 68 145 67 0 132 33 27 0 0 141 0 53 0 87 4 0 34 40 0 0 0 70 117 0 125 0 91
102 110 0 89 115 80 132 73 57 13 0 8 102 108 22 0 0 127 21 0 0 0 143 67 0 144 129 129 81 0 0 0 29 25 13 0 0 116 38 102 31 128 10 14 0 0 119 23 27 125 121 83 0 0 59 76 122 136 0 23 0 124 0 70 137 101 137 57 85 0 82 64 0 0 123 106 82 21 54 0 0 108 0 126 0 0 73 0 0 101 40 33 129 0 146 0 113 0 126 45 72 0 66 47 14 143 57 0 117 98 118 114 28 94 104 125 132 18 83 44 47 137 128 97 0 46 28 110 137 0 75 0 27 31 52 9 44 46 25 113 73 0 120 128 0 0 30 6 36 0
102 0 31 0 123 0 0 37 109 108 66 0 31 0 0 111 48 0 26 96 85 61 0 16 0 72 31 6 40 0 39 0 75 39 0 0 0 40 130 0 145 22 99 71 0 0 103 0 39 63 146 132 33 84 0 143 3 54 132 20 0 0 0 25 0 0 14 148 0 108 71 114 115 62 0 10 0 0 88 129 68 45 96 132 0 78 108 131 128 0 0 22 33 16 54 145 43 15 0 94 47 69 78 84 95 121 132 82 0 0 118 109 0 106 22 118 89 0 11 47 73 71 0 32 113 0 7 0 130 90 62 8 82 13 29 17 121 43 43 19 120 48 141 17 20 25 126 37 0 52
101 27 83 0 0 144 131 0 37 94 0 37 125 64 46 106 108 61 11 6 19 92 6 0 38 15 147 0 63 0 36 135 0 27 56 0 6 136 86 0 116 108 0 0 91 0 87 3 0 30 57 0 51 3 86 0 0 0 10 39 0 136 0 120 0 0 34 0 0 113 104 0 0 86 0 107 107 123 65 0 86 126 0 10 82 0 38 102 72 0 0 101 71 66 26 13 0 120 0 0 91 14 40 125 103 16 0 0 39 47 0 59 93 0 113 10 0 0 0 66 0 48 0 0 94 74 112 23 143 96 0 109 31 93 0 0 0 0 0 64 140 95 21 0 26 0 52 28 99 41
78 0 63 132 31 93 81 126 41 57 11 0 10 9 125 15 103 52 17 1 88 45 0 27 146 118 69 0 4 53 34 55 139 46 87 0 47 0 134 48 47 0 142 70 20 121 0 0 0 0 81 116 0 22 105 0 0 6 18 8 71 132 0 25 149 0 0 129 130 57 0 0 39 127 2 30 0 147 137 74 36 99 0 146 0 0 71 76 0 0 2 28 43 30 52 79 94 56 131 0 140 21 34 70 0 0 127 0 22 147 141 96 34 0 103 134 70 47 0 132 0 81 0 131 122 148 0 6 133 36 95 136 0 33 143 0 133 73 104 0 134 125 0 0 107 34 114 0 105 95
85 38 84 40 0 136 143 0 148 0 104 0 0 0 0 0 0 35 0 86 0 127 149 68 0 85 119 130 0 107 108 0 0 123 0 32 88 29 0 0 4 10 19 0 107 18 0 83 59 77 54 0 115 0 0 134 131 0 68 104 0 39 37 49 0 0 0 136 128 40 94 17 102 60 55 0 0 0 143 0 106 81 79 103 0 131 145 0 26 0 120 0 96 110 0 0 51 81 0 0 70 0 0 0 97 137 87 122 13 40 90 76 0 43 40 62 26 72 0 0 0 4 0 0 0 0 117 26 0 62 17 91 0 0 84 0 145 90 100 0 119 61 139 0 0 110 34 0 0 15
92 85 142 79 103 44 15 111 63 121 0 0 139 0 0 0 129 133 27 0 0 20 0 15 70 103 137 0 48 21 32 15 0 81 78 0 0 32 61 0 0 98 82 0 66 113 0 135 0 21 88 12 69 0 119 0 15 144 0 135 98 0 127 116 94 148 0 0 40 83 90 126 78 0 58 106 137 46 124 103 149 48 78 26 104 6 42 0 68 0 32 139 3 0 41 30 145 0 51 0 1 52 0 0 0 26 109 0 102 7 0 81 0 124 57 0 0 24 67 139 139 88 118 56 0 28 132 0 39 15 62 0 0 42 65 0 147 77 0 15 37 130 90 14 124 38 124 120 95 0
132 0 0 129 63 115 137 126 0 0 0 98 148 91 51 51 30 0 109 37 39 0 0 110 35 126 102 57 0 0 0 17 90 36 74 143 81 4 49 98 0 0 50 91 86 112 0 0 147 124 0 61 45 42 0 142 9 0 0 0 0 115 49 1 41 101 135 59 76 53 103 55 65 34 47 14 19 0 7 0 0 81 0 95 90 0 0 0 138 58 101 7 3 109 89 64 96 0 34 122 0 0 19 102 0 102 0 0 10 56 63 0 28 64 77 58 0 139 64 135 130 44 145 100 118 0 71 0 89 32 2 87 144 49 63 145 44 0 134 128 0 58 2 0 65 130 0 67 35 53
147 42 127 96 64 0 0 0 0 13 95 115 125 0 0 0 141 62 117 41 27 0 20 50 0 146 0 0 54 140 47 0 0 122 0 75 0 123 0 112 143 92 6 115 74 143 0 0 101 0 101 87 125 10 111 0 0 130 97 125 0 142 129 39 44 75 13 73 109 23 0 133 0 0 120 0 0 84 136 66 35 14 84 98 0 77 144 123 47 137 116 109 19 45 121 82 16 90 28 48 129 26 46 0 0 75 67 74 0 43 127 24 0 109 103 81 0 0 133 0 87 143 0 122 11 126 0 50 52 118 90 12 43 50 110 50 0 0 5 49 97 51 0 0 138 128 102 54 105 19
81 131 41 41 81 73 0 44 107 0 75 9 0 0 83 136 141 42 115 0 0 0 61 0 146 19 115 29 129 0 0 0 0 0 85 137 135 40 47 0 39 84 139 97 126 90 0 57 69 44 143 134 55 37 0 101 0 35 22 0 0 0 0 0 79 4 114 79 0 44 0 126 55 0 14 100 69 50 80 103 3 0 57 0 0 0 99 47 131 102 117 0 135 0 0 136 131 124 0 0 0 0 52 99 89 127 143 149 40 0 43 73 49 0 49 0 35 57 0 0 8 0 94 49 107 0 120 0 0 99 20 89 25 11 0 100 139 138 93 73 146 0 91 66 0 41 22 88 133 0
88 0 85 33 0 0 1 0 2 120 58 0 83 59 145 0 56 43 52 0 107 62 54 0 0 142 0 0 0 53 0 149 0 0 0 63 13 49 0 110 97 127 0 105 0 118 0 135 0 63 0 123 0 54 0 27 108 81 54 87 90 12 0 77 136 60 104 149 60 18 50 0 107 0 89 97 132 0 8 0 44 0 127 55 20 142 89 29 1 34 80 37 0 5 87 0 51 0 38 0 0 41 16 110 88 0 76 0 75 115 92 111 119 0 97 0 61 96 38 0 120 29 0 4 101 0 0 0 80 0 68 99 0 3 0 0 0 108 0 6 138 137 0 0 39 0 9 0 149 100
0 140 91 0 65 99 20 139 0 0 147 57 46 20 149 0 12 77 97 0 73 0 45 104 140 0 51 107 12 0 4 132 0 88 89 123 0 0 0 0 0 84 57 85 134 8 0 72 54 121 95 144 38 24 0 42 142 0 0 0 0 4 0 0 79 0 0 106 30 44 61 0 47 107 6 0 9 89 67 26 93 17 0 127 26 0 125 136 0 108 45 83 2 0 15 72 0 0 127 0 73 28 28 0 0 142 0 0 20 85 17 26 107 14 139 0 0 74 130 17 10 0 0 0 0 73 97 141 13 11 35 35 28 111 131 61 47 67 0 13 127 31 95 70 81 0 32 0 0 101
135 87 0 43 0 0 0 0 143 3 28 69 0 48 9 16 31 95 133 34 0 18 70 100 120 0 0 82 23 149 62 0 110 116 0 0 0 117 0 79 0 0 83 83 102 0 79 77 17 73 72 43 132 0 9 132 0 114 0 99 86 90 124 0 0 84 98 43 20 24 100 97 46 105 0 2 0 145 129 0 19 63 122 0 97 89 0 0 0 22 6 94 22 97 68 0 27 25 104 64 0 8 0 29 0 44 125 0 62 1 0 0 106 10 0 138 0 0 25 89 105 22 34 44 67 0 0 145 0 114 140 130 103 0 23 28 0 0 2 87 0 107 34 43 0 48 0 84 11 121
0 130 0 14 0 10 0 21 1 28 136 32 0 0 0 38 0 78 13 114 134 48 78 128 25 90 8 101 80 0 0 22 92 47 62 70 113 0 0 83 9 0 0 13 0 0 0 92 146 0 0 117 0 148 0 64 65 104 99 60 24 82 138 14 22 0 103 0 90 0 91 0 133 104 49 16 39 8 44 49 0 0 16 0 47 79 58 42 86 0 0 97 0 83 20 55 61 78 0 98 12 0 0 32 10 56 110 40 0 0 0 54 105 22 0 108 82 61 53 63 43 0 53 83 23 139 10 90 0 147 23 133 105 0 134 123 93 79 0 0 135 83 50 0 0 0 0 85 0 10
21 32 119 81 95 34 0 0 87 147 0 70 0 9 73 149 38 0 138 0 4 112 39 15 64 127 10 36 146 94 97 0 0 25 82 21 102 30 79 120 35 11 33 47 104 104 0 78 75 2 0 14 129 32 148 77 64 82 117 59 102 0 16 49 117 13 0 0 0 57 131 74 74 40 117 133 0 133 123 27 115 130 0 0 59 33 126 15 0 123 22 149 112 93 0 0 0 0 84 58 0 71 117 84 86 23 31 0 108 14 0 69 3 0 145 67 129 71 129 0 0 104 57 46 0 117 41 0 0 130 0 0 114 4 117 101 2 0 107 0 15 40 0 0 38 26 0 11 91 30
112 142 49 65 0 29 117 0 0 9 116 7 99 0 42 0 0 0 0 140 0 55 0 35 0 0 46 80 149 65 62 0 0 18 124 0 138 0 0 17 0 133 148 76 0 57 84 0 0 134 0 13 30 43 128 7 75 47 105 125 0 122 0 125 96 30 0 0 56 0 139 122 59 0 54 0 29 116 64 60 6 64 113 2 103 98 55 0 149 54 0 28 26 7 125 0 0 122 8 116 8 0 0 114 3 77 0 82 121 74 148 0 0 0 28 91 0 99 125 43 0 38 28 56 0 30 48 114 55 26 0 113 30 0 139 65 29 106 131 56 43 49 77 94 74 46 67 0 0 0
0 139 0 133 35 1 15 83 53 90 130 60 0 0 54 0 0 0 123 64 76 138 0 0 36 0 78 125 6 0 65 74 137 0 39 0 116 0 0 14 115 0 116 78 66 0 3 0 53 17 84 47 12 47 63 122 91 78 124 0 102 0 0 119 122 80 24 0 0 0 0 117 138 27 111 0 19 34 41 40 114 117 0 0 89 70 138 109 34 0 87 57 2 130 55 20 0 117 0 0 77 71 100 109 0 0 73 126 117 63 6 73 0 73 145 56 123 58 75 107 2 147 0 72 7 128 0 91 78 37 148 49 0 2 141 61 0 85 48 74 27 53 0 48 103 13 56 0 32 123
132 83 65 98 65 67 0 0 30 94 0 10 0 57 44 49 52 103 67 0 52 0 36 103 137 92 6 6 5 77 116 58 0 0 148 51 51 102 26 1 0 0 140 0 33 67 0 116 0 0 132 37 135 78 30 126 66 14 56 142 39 104 56 76 0 70 71 39 0 0 8 113 140 0 85 131 0 11 4 83 0 67 0 0 102 0 57 147 124 90 90 0 0 117 0 68 138 54 27 0 62 131 0 69 95 79 111 53 20 0 0 60 126 0 62 113 0 146 128 124 0 116 116 118 80 58 0 38 87 26 4 60 141 91 12 22 92 35 144 0 92 147 107 71 57 33 108 0 41 139
11 98 118 68 69 2 42 119 1 61 88 13 4 89 56 27 54 0 0 56 119 0 86 47 24 71 0 0 68 0 51 15 0 37 0 86 0 0 17 118 0 90 65 16 0 80 61 80 47 98 36 0 3 113 114 43 118 36 0 1 71 21 143 0 127 0 0 0 0 54 0 0 0 87 0 48 121 67 0 6 0 7 129 15 117 84 0 0 35 131 140 140 119 49 2 111 48 135 0 77 112 0 108 61 5 130 142 16 16 77 43 141 0 95 137 112 104 113 0 46 83 85 74 0 0 50 95 0 0 6 10 142 0 62 29 140 37 54 146 80 102 2 7 86 0 40 0 138 66 90
0 0 20 0 0 0 74 21 100 0 29 0 18 0 81 67 91 102 91 129 88 0 0 98 25 24 110 138 86 14 84 53 11 76 0 142 130 49 100 144 94 14 38 0 0 0 111 94 0 0 0 0 130 0 90 0 101 0 50 0 0 14 107 4 113 0 0 0 0 23 51 0 149 12 47 114 125 0 0 31 0 0 84 12 91 0 0 80 130 0 132 92 0 121 0 133 127 0 0 97 37 84 149 19 70 0 67 109 99 0 87 80 103 131 0 106 130 0 0 123 12 83 103 0 92 113 85 45 58 49 0 147 0 68 17 35 69 30 0 73 0 18 139 14 89 0 130 72 0 28
0 1 107 33 122 25 27 121 52 71 132 21 88 78 122 0 95 108 128 130 47 23 113 119 100 0 23 0 22 90 54 53 114 21 38 0 0 15 0 74 57 13 0 140 134 79 145 25 51 132 28 0 75 76 145 0 20 136 0 138 46 58 0 78 0 32 127 34 0 77 137 100 0 23 18 0 76 149 3 9 13 109 36 49 72 63 16 105 99 65 101 102 55 107 0 0 0 0 54 148 145 87 4 0 144 140 51 67 148 132 0 0 0 102 95 0 77 19 43 0 17 0 0 19 26 9 40 92 106 16 141 56 2 0 20 0 18 114 94 134 39 0 92 118 112 34 4 136 119 71
0 0 101 0 0 42 0 108 0 141 7 76 28 60 0 0 0 125 0 122 0 123 67 81 82 112 73 0 110 45 10 9 0 106 99 139 104 128 54 59 0 38 70 7 0 0 135 9 0 0 122 87 37 14 134 9 64 48 0 0 120 35 33 112 37 82 69 124 145 23 80 0 58 0 35 0 69 0 88 88 82 93 5 40 131 117 15 109 7 10 0 137 60 148 53 67 87 135 0 46 76 109 0 149 0 39 0 68 93 27 0 0 11 72 10 0 96 118 107 43 0 74 12 0 145 0 63 26 0 73 0 101 65 0 129 106 9 75 107 0 120 0 100 93 14 52 0 59 23 0
128 104 17 0 91 0 0 29 0 0 127 118 52 118 19 0 0 0 102 146 48 0 0 0 0 108 55 108 124 0 135 0 128 0 89 0 0 94 16 5 87 10 29 136 63 5 0 39 144 18 0 117 0 149 69 0 29 42 54 115 0 66 22 71 0 0 85 0 0 77 7 0 79 0 0 89 95 106 97 0 0 0 11 0 116 0 28 96 141 13 4 0 0 0 0 127 119 0 147 53 0 0 95 0 0 39 129 0 80 0 14 57 108 16 0 137 105 82 0 74 18 40 80 11 0 0 0 38 112 31 147 4 0 0 8 148 0 0 109 93 0 16 93 87 118 10 133 71 0 0
47 147 0 67 12 140 28 61 24 63 48 23 98 121 132 2 39 0 0 87 131 24 0 27 21 93 114 129 67 0 59 17 84 43 25 83 38 61 128 95 0 0 0 72 87 114 20 58 128 1 53 0 0 85 0 134 0 127 0 0 38 0 100 15 46 0 11 0 128 0 139 0 0 0 0 0 0 29 99 29 6 103 0 0 0 11 36 91 127 38 54 110 0 109 103 49 110 98 0 0 90 140 95 0 32 15 145 0 0 10 73 0 0 0 75 28 59 111 35 106 59 2 0 22 18 88 0 39 55 0 36 10 110 113 90 0 0 80 149 0 0 14 14 66 0 85 0 121 94 61
0 98 0 95 14 0 38 135 40 81 0 135 105 110 11 67 69 98 9 53 0 0 123 128 71 0 0 24 75 0 133 40 121 36 140 0 113 127 135 46 42 21 0 86 22 65 49 0 0 28 59 0 133 7 18 35 0 27 0 12 48 0 0 0 0 84 64 136 115 83 2 59 89 22 7 141 0 45 0 0 100 0 13 0 124 76 0 0 121 134 0 96 0 145 131 92 143 149 130 0 41 0 0 0 54 0 0 9 0 74 133 109 0 89 113 65 129 0 0 86 0 34 0 36 130 86 0 74 144 104 53 0 40 131 138 0 106 142 93 142 62 0 103 145 81 0 0 60 0 20
104 78 133 0 0 58 0 0 118 0 130 79 0 35 104 74 14 0 93 75 90 0 126 50 35 74 0 0 8 0 3 51 136 44 0 54 95 104 17 11 125 18 83 52 91 71 136 53 129 125 0 74 0 49 76 5 19 0 74 50 38 86 0 0 62 40 76 0 0 51 79 119 143 110 0 31 40 0 0 23 0 36 0 75 77 35 0 27 0 121 111 133 113 0 73 0 134 111 46 108 8 73 0 68 101 18 0 59 63 52 132 0 39 0 0 106 6 60 80 0 0 0 95 71 50 89 132 22 135 84 0 12 0 78 0 77 8 0 0 94 101 0 81 60 112 92 81 63 18 53
18 131 25 131 16 10 0 127 108 94 133 127 121 0 70 143 70 13 144 83 32 134 109 90 31 0 80 89 14 34 34 112 134 31 59 0 79 121 13 0 32 12 5 56 77 71 19 140 31 0 0 26 93 0 27 32 36 0 61 4 43 0 75 149 32 15 0 33 92 0 142 141 48 136 56 86 53 0 0 50 7 82 97 0 3 65 2 0 141 116 142 18 65 0 0 0 94 43 14 39 0 58 0 0 134 0 0 12 32 35 97 105 149 49 27 108 124 99 142 69 100 25 119 136 109 83 14 54 0 1 77 6 99 69 33 132 129 107 2 0 0 0 43 136 0 0 48 0 33 0
93 28 59 0 108 77 76 15 1 0 23 7 120 0 112 47 125 29 70 0 0 12 48 25 0 86 123 148 0 4 0 86 104 33 0 18 115 109 9 133 0 78 68 125 0 37 0 0 0 0 0 117 0 88 0 0 0 0 133 112 112 62 145 19 20 131 148 25 8 98 0 50 0 23 106 75 63 0 0 0 146 52 147 102 16 122 79 0 61 148 0 0 0 0 105 0 70 6 111 0 0 26 0 124 143 0 0 0 5 0 0 0 130 0 103 0 114 0 0 112 0 105 0 102 95 0 1 0 53 143 19 0 17 89 21 138 38 37 120 0 13 0 0 107 55 0 0 85 141 139
123 0 78 0 0 104 0 0 21 139 134 144 0 64 76 16 89 110 45 0 133 0 3 75 72 0 0 1 149 14 0 112 140 115 142 94 0 0 140 0 0 123 143 7 32 37 0 0 123 46 8 0 117 0 0 22 0 22 106 0 40 105 2 31 0 112 92 129 57 51 15 0 125 73 78 47 123 14 0 0 0 0 0 89 101 0 0 20 0 0 53 0 87 1 120 93 76 131 129 34 71 0 120 13 47 116 148 0 110 46 77 137 0 110 0 46 0 121 0 0 80 73 142 0 0 32 17 0 43 70 129 51 0 44 61 26 0 43 10 135 0 123 0 0 0 60 38 125 73 0
54 25 0 119 141 75 35 1 86 25 0 26 110 30 14 0 26 130 147 59 52 18 0 33 86 64 132 124 0 17 60 89 17 113 6 0 0 148 94 142 123 0 69 0 104 0 86 97 124 0 0 66 85 103 77 0 16 34 0 0 139 35 28 109 39 80 13 117 130 24 127 106 133 90 104 34 110 131 137 0 70 0 107 104 68 37 137 123 87 0 106 3 89 67 0 0 49 133 94 44 0 127 90 6 111 60 0 0 0 91 73 35 26 0 97 0 117 0 134 28 149 76 0 44 0 73 119 0 12 0 4 0 142 0 54 0 42 47 0 73 10 99 66 132 0 104 60 0 68 58
0 0 0 109 0 0 78 0 0 15 121 0 127 0 148 82 4 11 47 50 127 0 106 112 99 147 88 0 121 63 0 32 108 143 91 82 45 3 28 96 27 0 115 80 0 37 0 114 32 48 80 63 0 145 30 47 0 131 63 148 123 14 133 101 0 146 0 0 39 95 0 0 56 0 115 10 111 39 51 108 0 104 0 59 0 69 92 120 3 0 34 91 4 122 54 72 0 108 115 1 0 105 0 81 27 73 0 77 77 0 112 105 49 108 0 0 37 96 34 0 0 79 126 0 122 0 0 23 39 56 30 137 0 0 71 0 0 137 125 0 77 0 38 8 107 103 0 103 16 59
0 97 101 0 58 0 75 96 69 40 43 70 73 0 108 0 48 0 70 43 0 74 141 79 0 0 50 0 0 0 40 21 0 16 0 0 98 0 31 0 125 127 5 0 8 81 40 65 43 64 109 149 31 51 64 77 0 94 49 0 0 0 67 0 0 97 0 0 131 148 15 79 0 20 133 0 81 25 68 69 0 0 112 0 33 82 78 58 0 0 0 21 35 0 121 0 111 4 48 39 113 0 108 0 142 0 0 39 9 0 114 139 82 133 34 103 0 0 142 0 92 0 2 0 0 49 136 133 129 48 127 0 124 83 118 46 53 0 17 83 119 132 0 72 5 88 0 123 129 0
0 50 111 0 0 66 68 149 55 109 130 0 0 13 90 86 58 135 119 0 94 110 0 121 0 0 0 0 2 0 0 0 68 56 0 0 36 0 112 0 0 55 76 31 0 53 81 0 11 0 0 52 22 96 74 0 117 54 122 32 0 141 45 0 75 0 0 14 76 0 46 116 33 32 46 27 113 83 0 0 20 120 86 97 0 0 38 63 0 75 88 21 45 126 135 27 0 72 138 0 0 108 105 91 111 0 149 69 0 22 65 113 0 0 57 120 110 0 128 136 146 0 20 115 35 23 68 99 58 66 0 0 0 124 126 0 54 80 15 141 0 0 67 124 140 46 0 0 80 13
0 0 14 69 15 43 73 97 112 0 0 46 0 45 34 72 23 73 35 0 38 74 0 0 52 19 0 25 0 0 17 0 0 21 0 23 122 22 111 98 91 0 141 0 41 0 0 95 149 105 25 86 61 97 68 23 0 0 0 82 55 0 62 0 0 113 50 148 0 0 3 57 96 76 0 28 2 0 95 72 88 0 30 0 109 0 7 61 129 133 31 0 145 71 0 20 0 76 30 0 83 148 124 0 23 0 12 144 110 0 0 9 145 126 0 91 90 106 32 33 142 110 37 6 98 15 0 0 81 0 53 0 38 118 20 0 12 58 92 78 46 11 137 71 30 66 0 77 117 146
0 10 0 48 84 0 20 73 28 145 0 149 0 0 0 18 0 8 6 78 123 0 10 66 106 0 102 28 0 96 38 71 10 24 43 27 141 0 39 101 25 94 7 0 0 11 0 0 76 0 103 34 1 117 139 131 0 58 89 131 0 86 5 140 138 0 44 0 58 7 72 136 100 0 32 0 67 144 69 120 8 103 54 131 52 107 0 5 130 27 17 0 126 106 20 51 0 0 138 98 0 23 0 0 0 99 0 0 23 0 142 0 5 124 78 106 0 119 123 0 147 64 70 0 0 103 52 94 41 0 146 82 88 0 0 0 114 77 30 8 30 0 104 61 0 41 1 10 79 0
42 39 93 0 0 143 74 130 75 0 0 130 103 1 88 137 64 0 17 111 0 14 0 0 0 50 142 65 0 80 0 80 8 149 133 87 149 0 47 26 0 28 140 60 90 0 71 106 0 0 79 23 65 114 78 0 0 107 64 0 98 14 110 128 145 0 110 7 60 0 8 0 22 21 123 87 83 0 0 130 108 0 0 0 38 11 23 0 0 102 0 104 31 78 113 67 0 65 0 105 0 77 32 57 115 76 66 0 10 28 75 68 61 81 0 0 138 102 0 4 0 0 149 147 0 0 141 57 75 0 98 101 29 100 114 32 105 0 45 4 137 38 0 29 85 62 45 67 0 2
26 0 70 54 53 59 140 27 0 103 0 44 0 55 147 46 0 0 88 122 28 0 0 0 0 34 137 0 0 96 22 74 49 8 96 1 0 108 0 0 0 28 136 0 39 17 44 0 62 50 0 9 0 73 44 65 131 0 102 68 0 58 9 78 49 72 54 25 137 11 74 0 92 73 0 0 93 0 135 0 100 98 0 0 0 76 0 0 0 0 102 132 0 0 6 25 0 0 0 121 74 3 103 57 145 11 142 0 84 84 66 21 114 0 0 0 22 42 19 0 40 0 0 114 108 0 147 0 0 87 94 32 145 120 32 48 42 103 0 0 0 135 11 116 95 109 69 0 0 131
77 0 66 93 12 0 0 44 0 0 114 17 23 0 0 113 66 31 103 119 69 108 80 121 116 0 62 0 148 57 0 80 0 65 60 149 146 69 24 9 104 49 109 50 146 4 0 42 0 96 2 0 0 0 32 109 108 71 0 124 0 132 44 0 90 0 19 135 0 148 67 0 30 16 0 143 125 0 95 65 0 0 0 114 79 0 104 41 0 0 98 52 30 0 75 0 0 131 61 71 127 36 118 30 36 84 53 0 0 118 0 0 11 107 133 116 92 0 23 0 54 130 52 42 135 116 96 135 85 106 0 0 0 120 0 147 143 3 36 148 79 21 60 83 37 0 15 124 139 142
0 0 0 0 149 0 66 48 0 105 43 6 128 0 0 134 0 0 0 0 57 0 48 61 12 29 0 19 127 32 53 30 83 13 0 94 108 89 0 132 10 147 64 76 13 69 0 0 0 0 144 0 89 147 51 132 0 145 0 29 0 10 116 0 0 51 16 0 76 110 67 0 0 85 0 88 0 28 79 111 145 24 14 144 127 49 80 94 147 111 0 140 30 142 144 45 0 114 0 56 6 71 16 0 3 134 75 0 70 110 73 0 104 106 0 66 0 76 0 0 128 24 0 47 140 38 73 120 128 102 31 69 0 0 0 92 95 113 5 0 81 0 99 0 87 0 136 112 13 11
80 33 25 123 135 0 144 146 0 141 74 132 143 112 19 141 70 73 67 90 47 118 93 61 0 0 9 59 145 85 18 0 58 149 0 89 121 69 0 72 109 0 74 147 0 0 60 149 117 149 54 102 0 119 3 0 40 132 0 89 54 96 4 61 10 0 55 0 79 103 147 0 90 21 138 71 0 120 136 67 0 49 76 0 126 40 149 0 13 0 0 0 29 111 8 91 75 109 124 92 121 0 107 130 62 146 42 89 134 132 0 0 29 18 0 0 61 74 64 75 17 0 27 52 64 2 4 0 0 0 0 4 99 0 127 0 0 129 4 99 97 34 122 63 133 71 91 68 118 7
0 107 43 74 25 93 114 30 0 0 38 0 0 67 0 83 0 0 71 0 0 75 0 92 137 71 147 0 0 0 21 47 128 85 57 69 98 131 80 30 96 10 37 143 0 59 130 142 28 0 131 14 68 92 0 16 143 0 20 60 111 81 0 0 133 37 23 96 0 130 30 18 85 0 148 46 131 25 82 0 45 0 134 0 18 138 28 66 0 29 36 44 0 126 15 52 57 64 104 0 63 131 0 0 130 110 33 0 87 0 124 0 17 132 130 33 71 137 3 0 16 72 0 146 0 0 0 58 5 0 0 5 120 0 93 80 0 0 12 87 140 0 86 125 63 11 0 99 51 25
111 116 128 0 0 114 0 23 4 0 0 36 68 114 95 38 18 80 0 0 57 0 0 108 0 0 61 29 29 0 0 66 103 121 13 0 143 0 0 0 0 51 0 111 64 23 80 131 33 142 109 56 0 0 26 33 138 0 0 0 82 0 30 107 102 130 27 0 117 0 0 75 47 0 67 97 0 95 41 109 134 0 0 94 87 0 10 7 118 30 118 0 1 0 74 53 0 131 55 1 8 0 142 3 7 42 120 86 62 20 0 3 13 137 1 104 0 0 102 19 69 70 87 0 0 135 0 136 39 12 0 125 0 104 98 37 138 48 51 0 41 10 93 12 0 107 137 58 129 43
41 112 17 70 36 0 84 118 81 0 0 137 6 0 13 43 0 10 128 3 65 38 0 128 45 148 0 0 123 130 35 13 60 0 109 14 121 84 107 68 103 83 111 29 36 49 0 86 103 106 122 43 0 16 57 0 76 0 90 0 79 0 2 0 0 145 0 0 78 137 8 84 56 53 0 78 140 101 0 0 19 0 147 121 0 80 0 93 0 0 0 121 75 0 0 110 0 129 0 0 77 84 0 109 51 0 0 112 41 0 77 110 0 144 63 0 4 104 37 105 0 0 17 64 144 77 52 0 95 0 0 149 0 23 0 89 135 129 71 0 89 90 120 35 81 128 39 0 80 0
125 148 137 121 0 0 9 21 59 0 124 59 49 0 0 60 50 23 0 0 0 0 0 0 40 0 51 119 84 81 49 0 17 142 35 143 25 118 0 10 0 111 116 90 5 36 37 24 53 53 43 119 0 0 124 106 0 119 72 53 0 115 0 0 18 0 47 108 19 0 91 46 86 84 0 132 0 0 0 147 28 105 83 62 0 142 0 0 82 138 56 0 117 0 0 0 104 0 58 95 109 75 24 0 97 26 115 95 125 107 98 127 109 0 0 0 76 53 18 4 121 90 0 0 0 2 144 137 57 119 81 125 10 67 38 25 98 10 132 0 98 117 0 13 61 53 0 0 0 122
100 88 126 47 41 0 0 39 80 0 135 0 28 142 124 43 0 60 2 0 87 116 4 0 41 40 131 46 76 0 64 59 35 82 1 98 85 0 60 0 121 11 39 109 0 0 0 14 40 94 0 43 5 113 89 0 0 102 35 50 145 0 30 48 37 0 60 134 137 0 0 0 97 135 13 140 0 0 19 0 60 0 94 26 136 0 0 0 0 127 121 0 51 1 133 11 0 109 12 144 149 34 0 0 13 36 55 0 133 83 1 60 91 0 103 34 111 43 0 5 110 0 10 19 69 0 32 0 51 96 0 34 35 0 0 16 15 15 125 122 0 0 145 0 38 38 109 103 134 139
72 0 2 0 46 79 109 55 101 34 6 82 147 0 0 3 113 17 45 46 0 53 0 6 106 0 110 0 24 17 30 54 0 128 0 74 143 96 35 139 93 123 63 131 61 62 0 0 0 0 0 58 35 28 123 0 0 0 121 0 146 112 16 52 0 0 60 0 0 36 0 32 92 115 0 0 0 0 0 102 0 0 118 76 32 118 144 62 28 0 16 0 0 91 26 146 146 0 126 76 0 0 132 145 55 0 64 0 53 30 12 0 0 3 0 0 82 0 129 137 0 0 25 139 104 124 0 46 149 0 0 81 114 0 63 124 104 60 0 0 0 149 73 7 138 119 37 124 0 0
0 107 74 3 107 0 117 10 40 0 59 0 131 99 0 11 143 95 119 81 85 36 101 121 0 0 17 122 0 0 64 0 127 26 0 0 0 121 41 0 131 0 4 26 131 107 120 84 120 52 79 9 148 135 38 105 118 0 0 41 28 145 0 0 142 0 0 104 0 0 134 16 31 0 50 113 125 0 143 135 0 0 141 0 3 107 0 6 24 80 0 0 1 13 94 125 120 0 0 64 0 38 11 102 1 0 24 94 104 120 84 0 9 0 0 133 93 50 0 0 132 0 0 98 95 32 142 102 43 134 0 0 47 141 57 54 98 146 32 147 21 0 53 127 132 0 59 145 83 0
149 0 22 118 136 0 89 103 0 0 19 124 0 118 131 0 70 0 0 0 27 92 102 98 0 62 0 0 142 6 0 47 0 0 133 93 112 89 69 16 59 142 0 28 114 125 55 34 0 101 92 0 42 89 84 130 107 62 136 35 48 23 10 71 0 135 71 48 0 18 0 55 45 113 53 5 66 54 124 149 80 0 0 0 0 104 0 46 0 63 57 22 59 24 14 40 0 0 0 0 55 46 0 101 32 0 24 48 0 58 123 64 87 0 0 102 11 0 134 88 105 0 35 103 24 123 31 131 89 0 2 41 46 122 134 0 83 60 0 127 0 143 132 86 0 83 141 0 24 141
7 2 84 12 133 0 8 87 0 9 9 0 0 136 0 0 99 0 143 68 124 77 108 14 0 79 52 45 0 114 11 0 0 0 0 115 108 86 136 0 0 67 83 24 0 120 129 0 147 91 142 133 0 48 49 0 9 0 118 93 10 0 24 144 142 0 124 0 46 144 90 70 137 19 87 28 82 80 0 0 116 34 0 52 0 0 0 0 46 102 0 0 52 0 133 146 0 85 0 124 0 136 121 19 33 124 53 0 38 26 141 96 0 97 20 79 0 57 19 93 0 0 0 118 139 75 91 0 129 83 0 0 0 12 0 0 70 66 116 92 112 114 0 0 71 9 0 100 55 55
106 0 95 120 138 0 125 37 46 9 44 0 18 0 60 28 29 139 142 123 95 85 0 30 62 97 44 0 118 0 37 107 8 0 136 0 43 126 97 13 29 115 10 104 23 0 53 38 0 78 81 136 86 6 0 7 135 15 0 0 74 0 105 104 46 92 128 46 0 0 52 123 139 106 45 82 57 0 102 92 80 48 136 0 127 0 125 41 2 82 135 0 89 136 60 26 55 6 43 31 71 0 44 132 0 0 0 133 79 0 14 127 114 0 97 0 0 1 29 0 0 38 0 0 97 96 68 148 133 137 109 37 148 62 35 117 0 98 0 0 25 140 55 58 0 0 0 76 65 141
56 104 66 81 0 0 63 5 139 21 106 128 57 1 116 0 3 0 0 128 71 44 117 81 48 116 97 82 113 0 67 29 75 0 54 0 54 0 127 64 0 62 0 49 0 103 85 39 61 36 8 45 46 18 0 0 116 93 0 28 74 0 74 85 0 100 0 37 64 22 24 103 2 0 0 117 83 86 90 0 53 109 9 65 99 0 27 31 0 48 115 0 0 0 76 92 31 132 41 0 141 0 0 28 0 109 93 103 0 121 21 47 0 0 0 23 84 0 114 120 83 0 85 43 0 74 0 1 0 0 59 0 0 79 25 11 0 73 0 145 4 114 45 0 64 26 26 57 19 22
0 0 116 136 101 106 95 93 0 0 58 0 33 36 55 103 0 43 0 0 119 42 48 67 83 143 31 0 0 135 51 11 111 119 0 121 131 0 91 77 0 0 137 59 9 69 0 0 0 65 38 103 104 88 115 2 24 82 0 0 49 115 28 87 0 136 41 140 2 62 67 74 28 0 67 128 124 98 27 0 32 146 48 0 86 93 143 143 39 0 67 11 0 0 132 21 85 143 42 83 107 0 147 0 99 113 113 35 84 0 93 26 49 11 144 116 143 0 38 50 63 84 17 0 9 125 109 130 80 92 103 108 0 0 0 111 0 83 73 55 84 131 0 78 58 20 61 119 0 0
31 0 67 31 114 8 146 69 0 67 116 84 14 128 45 42 103 84 20 50 0 0 0 116 104 22 0 0 0 23 105 24 55 0 95 137 55 1 51 0 111 0 98 99 0 0 112 0 2 131 114 65 22 0 81 2 119 97 69 0 48 89 0 105 67 74 3 40 0 0 0 26 74 125 95 20 0 63 55 33 106 9 60 7 11 43 85 29 0 45 75 22 59 145 108 14 63 108 115 95 3 105 148 30 0 47 57 75 48 0 0 112 0 0 0 0 90 90 148 115 131 75 38 101 99 146 125 44 0 137 136 119 143 114 0 148 141 0 57 108 119 0 0 96 24 0 54 98 0 118
93 0 31 84 133 90 0 111 0 0 0 0 6 55 0 53 23 0 51 0 40 26 67 0 36 0 88 0 43 104 2 0 43 87 0 13 36 0 0 0 83 98 114 85 0 130 18 26 0 0 59 59 121 0 129 75 124 136 44 18 108 70 75 41 0 87 0 50 37 149 38 0 137 0 110 115 128 0 0 80 126 120 6 67 146 0 0 0 62 93 102 0 94 128 95 5 15 113 79 74 130 74 87 0 115 0 26 0 0 99 119 28 51 91 16 0 123 149 113 44 31 0 7 0 130 127 141 11 122 0 136 0 67 15 38 122 59 0 6 40 8 74 130 0 124 50 0 139 0 46
69 117 0 32 36 24 41 68 7 0 0 68 0 89 46 138 0 68 0 0 0 91 0 75 36 0 147 0 38 15 106 17 0 76 75 0 73 0 149 28 27 145 0 0 137 44 0 36 0 35 20 0 33 148 24 102 0 52 142 98 123 97 147 144 41 122 0 116 43 113 22 2 112 0 14 0 0 0 57 0 9 18 138 0 0 127 0 91 113 20 41 139 14 28 82 8 0 0 14 2 0 81 148 133 44 9 0 68 77 0 40 19 84 62 139 0 43 148 0 0 30 0 0 0 58 87 140 134 125 53 77 73 2 12 97 14 100 21 0 5 11 41 105 113 66 4 12 0 0 54
82 0 102 0 0 0 47 0 10 111 9 117 57 0 85 0 19 39 113 0 114 67 0 64 19 0 33 0 47 7 121 99 0 0 62 16 105 87 83 0 64 0 27 120 114 22 9 145 140 9 99 119 80 13 0 93 0 55 0 0 100 0 68 83 52 0 0 0 0 128 56 119 2 131 60 118 0 0 127 17 31 45 102 2 0 70 75 20 9 0 0 57 51 31 0 5 0 50 2 0 2 79 0 0 115 124 0 0 26 0 19 0 0 0 13 119 55 98 64 136 15 109 0 15 0 125 137 114 0 0 124 0 136 61 0 20 50 0 0 0 0 118 9 78 67 0 21 124 126 0
0 75 62 106 0 0 0 132 110 70 80 2 98 0 0 0 109 0 21 90 126 0 86 92 38 21 77 146 0 129 129 0 48 110 0 2 130 0 45 149 0 0 0 54 67 119 118 84 0 108 0 23 0 134 142 0 104 78 44 0 29 14 0 0 24 75 21 0 10 145 0 52 66 0 0 90 25 0 109 25 0 0 57 97 0 131 100 0 103 34 0 84 85 19 140 55 0 121 0 0 0 0 58 83 0 16 37 59 0 0 0 122 0 14 90 12 24 111 83 114 87 116 0 148 101 74 0 61 10 55 0 96 133 0 0 125 106 8 16 120 0 55 138 113 42 106 0 8 83 48
139 1 20 105 0 35 111 0 58 105 0 97 0 94 0 95 118 0 0 117 113 124 109 149 0 0 0 0 53 75 53 0 0 131 42 2 51 61 138 147 63 54 82 0 41 121 0 74 0 0 54 110 137 34 7 44 28 115 47 70 82 142 144 34 68 0 0 71 0 70 22 138 65 106 74 0 13 0 129 0 0 14 2 56 34 31 68 136 61 0 0 111 70 0 55 48 40 59 78 22 99 51 0 92 95 58 30 0 15 0 145 146 100 33 0 0 0 17 100 0 52 0 64 101 54 0 0 0 64 24 127 94 39 0 0 147 0 80 93 81 124 51 133 76 145 142 140 110 0 17
121 114 37 15 64 0 35 7 31 139 38 54 0 121 65 0 100 102 64 78 7 0 0 19 149 38 140 113 0 5 125 0 148 147 85 0 112 0 0 42 54 139 46 127 85 129 50 117 0 0 0 0 0 52 125 6 0 0 0 20 0 8 90 0 0 125 0 92 47 138 0 0 23 21 0 126 95 69 0 2 40 138 122 0 80 132 141 0 103 109 48 0 69 147 104 106 147 14 135 137 0 0 69 37 83 0 0 47 62 142 0 0 0 145 16 0 107 70 115 107 0 0 0 28 56 17 46 101 31 0 115 9 112 50 0 20 14 47 28 36 0 70 148 106 14 0 0 124 24 0
42 32 55 0 87 117 29 135 49 90 0 11 107 0 70 0 127 97 147 59 143 0 123 87 125 0 19 30 102 115 126 94 0 0 65 0 148 100 0 0 0 58 71 24 126 146 0 9 0 66 25 83 0 0 88 102 106 34 117 11 91 0 76 39 63 65 109 17 0 39 106 7 0 27 0 0 0 50 77 0 0 127 76 0 57 0 0 82 0 17 12 0 0 0 101 84 0 92 41 16 0 0 123 0 64 68 51 78 90 28 147 0 0 86 34 122 33 146 135 69 43 0 35 29 6 0 89 27 0 0 132 59 10 0 39 40 149 148 0 143 0 83 0 144 102 0 0 0 66 0
47 114 8 89 52 0 71 0 0 0 0 10 79 100 0 128 96 96 89 87 88 113 115 49 98 0 0 0 16 10 95 0 24 54 0 0 81 122 24 63 35 11 116 31 39 0 84 14 0 33 61 0 0 25 112 0 142 0 81 71 44 34 47 136 72 38 85 0 2 8 25 0 25 0 0 29 43 110 0 122 19 0 109 0 78 0 0 85 60 84 7 78 53 0 102 90 82 15 17 0 47 100 115 74 139 0 31 21 46 64 84 0 0 32 0 0 118 27 8 86 0 77 60 0 36 78 140 107 126 45 65 42 67 30 101 3 125 94 1 17 0 0 75 80 86 13 39 0 0 145
5 11 0 140 9 13 0 103 104 105 118 0 70 13 0 43 49 111 31 0 0 70 0 109 125 130 131 0 129 0 1 4 96 0 0 9 149 54 96 0 95 10 114 24 0 115 72 38 0 67 0 55 0 103 70 20 0 103 0 70 101 48 81 28 144 0 0 0 0 0 0 0 0 2 125 0 109 132 0 26 54 0 28 35 10 115 21 120 0 121 69 144 91 13 17 104 61 22 0 0 14 149 95 4 52 92 0 85 0 19 0 0 72 0 0 0 37 9 87 66 99 0 0 136 114 109 0 102 137 94 60 131 4 0 79 0 0 0 9 124 86 100 8 53 0 39 100 26 0 0
99 87 0 115 120 0 110 60 0 0 149 71 0 0 146 73 0 13 113 0 117 103 0 110 69 25 34 0 43 0 0 134 51 134 55 122 12 45 68 0 77 22 46 8 0 0 18 108 7 140 76 32 0 77 18 15 122 0 113 7 125 0 0 0 106 17 32 120 97 130 0 74 23 111 0 0 0 9 49 0 32 62 95 0 0 10 0 0 0 0 87 0 0 0 88 4 0 34 10 111 0 106 76 133 80 39 0 0 0 14 49 117 0 3 0 0 7 2 0 25 123 0 0 0 126 37 110 88 0 16 118 149 145 101 77 124 0 29 80 110 79 0 0 81 29 71 4 125 66 127
82 129 0 144 115 104 143 0 0 142 25 1 47 0 7 25 45 61 6 0 78 0 145 114 104 22 55 113 83 104 46 0 61 0 0 0 63 40 86 50 19 122 27 131 137 46 46 45 0 0 0 0 144 24 16 0 0 16 97 0 132 27 8 0 0 0 70 0 109 0 94 0 75 130 16 86 85 21 46 0 0 15 74 129 0 0 74 33 3 91 110 24 0 0 0 132 81 0 33 0 0 38 0 0 95 135 119 17 138 0 125 131 12 112 3 0 38 51 16 14 128 65 78 77 138 0 44 0 6 30 73 128 84 5 0 0 49 139 141 113 66 142 75 0 107 27 94 76 139 0
89 0 0 107 18 101 0 53 89 0 0 138 76 0 0 0 84 37 101 149 118 0 0 0 72 0 26 42 93 33 0 96 110 9 0 111 41 87 116 135 66 74 0 15 0 35 46 0 97 0 0 31 3 39 26 0 28 105 126 125 57 130 124 0 66 0 132 145 0 68 8 0 123 116 0 123 113 0 0 0 56 0 103 111 65 24 11 0 35 19 93 0 119 0 94 0 0 0 86 105 115 99 0 0 0 57 99 127 111 0 19 123 145 81 35 0 0 0 77 0 29 0 0 0 119 0 0 114 69 55 135 0 143 38 62 32 27 25 0 91 120 132 0 136 141 143 56 107 24 0
78 138 88 0 0 2 134 101 34 127 79 99 0 70 141 6 13 41 102 120 89 0 80 0 41 19 19 14 0 39 0 0 35 123 0 77 0 0 0 100 0 111 144 84 137 48 116 129 0 2 146 51 47 30 20 123 83 22 145 0 101 93 53 90 144 32 0 117 23 0 21 43 81 24 74 0 85 30 99 0 0 20 50 69 0 2 134 139 79 61 0 127 145 57 0 64 32 62 54 89 112 71 0 95 147 63 14 123 81 128 92 0 0 86 118 92 0 0 91 0 93 46 41 0 112 38 0 74 1 125 77 10 2 118 102 0 88 0 35 5 24 0 96 0 0 57 5 25 5 15
0 4 72 64 81 93 58 3 0 132 2 120 125 0 64 0 64 63 121 99 136 109 118 0 0 31 67 0 66 0 24 0 108 48 0 15 46 0 60 9 78 116 0 141 0 108 0 115 94 120 0 131 0 0 127 12 0 11 111 59 0 0 117 0 143 16 0 130 108 95 0 0 26 0 0 36 0 32 110 0 128 0 0 105 114 40 0 34 59 15 61 0 110 6 120 30 129 1 88 126 133 78 37 31 95 0 144 0 1 22 0 116 140 0 0 143 0 54 0 95 0 149 0 132 129 0 85 0 0 63 49 0 1 0 0 56 7 7 1 69 52 63 62 35 110 0 9 1 37 95
103 64 131 0 86 0 11 15 46 22 0 137 22 29 101 87 50 69 26 0 0 58 145 63 113 53 41 0 43 0 74 0 0 37 133 19 37 0 88 133 145 106 114 36 117 117 111 68 41 0 0 54 78 46 55 51 7 0 8 138 82 0 0 13 127 0 38 113 108 7 149 14 0 0 96 0 59 149 0 0 43 113 80 20 0 0 140 40 0 136 46 95 27 37 126 0 55 0 0 127 0 2 125 0 112 48 34 111 0 0 130 102 109 122 7 147 0 0 96 0 0 79 118 0 47 83 20 55 34 0 0 140 92 109 0 22 43 0 89 0 0 139 86 6 0 37 0 129 28 111
27 118 0 51 0 65 34 0 0 37 104 0 120 112 74 87 0 0 0 116 0 0 108 0 91 14 0 31 0 68 0 0 12 65 0 40 42 0 77 24 0 0 24 0 132 140 24 0 93 104 130 90 89 0 67 139 118 24 90 26 20 13 0 0 146 49 7 9 120 0 11 16 0 145 51 0 0 68 143 82 79 9 104 0 0 0 0 22 8 33 0 7 84 49 89 136 66 0 122 0 0 14 74 17 0 48 81 0 0 0 95 64 137 0 0 141 41 50 87 7 0 101 6 136 58 98 132 99 0 123 39 111 105 19 97 89 0 9 133 58 52 41 78 14 111 0 14 93 0 5
124 0 0 90 89 105 0 28 34 0 23 0 0 102 95 45 138 0 0 39 108 57 104 0 19 68 74 0 135 137 91 0 31 127 138 27 84 129 59 103 0 44 0 31 0 112 0 92 118 0 19 9 109 7 30 131 79 106 68 122 127 0 15 127 0 0 123 124 70 95 79 0 28 97 45 0 37 104 13 122 107 142 21 0 64 50 126 39 54 145 11 49 92 19 0 0 15 0 109 120 148 85 91 0 80 0 0 11 37 25 35 0 19 65 48 0 42 0 52 10 0 0 101 0 70 0 104 0 90 110 78 75 90 97 0 0 2 0 0 134 0 0 142 69 16 7 94 0 32 0
144 100 101 87 75 121 133 70 0 0 0 74 40 100 72 16 0 0 26 82 3 0 71 120 18 0 16 0 0 0 136 52 0 0 0 0 0 104 13 89 144 66 0 50 64 12 74 56 3 85 0 142 149 31 31 0 0 91 135 60 145 140 0 80 137 101 93 121 0 132 0 25 127 146 26 145 97 56 0 0 0 100 92 35 0 0 120 142 0 24 83 41 77 108 113 27 38 0 74 0 0 22 107 96 66 122 0 0 67 45 138 0 104 0 27 0 24 52 0 0 0 6 0 69 134 113 138 133 65 0 41 0 23 8 72 111 91 0 149 0 80 0 72 13 85 110 0 66 11 102
112 13 6 73 0 0 88 74 0 2 0 18 79 0 19 33 100 112 9 20 49 10 20 0 0 54 117 142 139 0 68 0 74 24 24 147 12 144 69 130 0 0 127 0 49 58 0 42 37 138 6 0 128 0 34 59 28 0 142 0 131 0 28 34 32 44 116 17 130 1 0 104 0 28 147 0 61 45 0 0 68 102 14 23 0 9 127 120 96 48 77 64 13 0 0 0 43 0 0 16 103 100 33 96 0 0 5 0 0 0 91 144 55 0 40 0 0 31 0 146 0 115 35 0 144 102 53 8 73 131 0 0 22 29 0 0 0 81 0 69 16 0 123 109 21 102 83 1 23 146
20 0 0 21 110 0 106 69 43 70 37 0 32 64 0 0 45 30 144 0 0 117 44 0 142 129 63 140 108 81 10 0 127 0 98 0 0 18 118 12 0 0 105 1 131 71 35 100 109 0 40 2 0 136 66 94 52 0 22 0 0 102 0 71 85 32 64 57 98 74 65 0 0 145 148 0 69 0 0 38 87 64 22 28 52 134 0 0 128 120 149 102 117 99 0 0 30 11 0 13 40 63 17 19 18 0 44 107 34 6 0 36 70 0 129 96 31 0 0 120 22 98 140 142 0 0 124 0 48 79 0 0 0 71 51 0 71 24 125 116 129 0 125 45 6 34 0 81 0 100
95 0 10 0 149 0 37 0 64 94 130 0 109 0 45 67 138 75 89 0 40 0 93 57 137 58 0 71 0 82 9 22 53 0 0 0 118 58 54 0 120 137 56 124 0 0 43 34 0 69 141 113 0 58 70 20 0 149 0 76 109 3 0 0 0 99 108 144 4 149 124 100 0 34 52 72 110 70 0 149 0 76 0 89 21 0 70 123 0 99 50 0 0 47 137 0 60 0 52 135 101 56 0 0 126 39 7 95 76 135 0 0 84 0 41 110 0 40 84 0 101 38 22 89 60 0 70 40 14 106 36 129 0 56 96 0 60 82 0 0 126 87 92 0 0 45 51 0 39 68
0 135 87 0 131 102 83 44 0 58 0 11 0 0 127 147 35 18 0 32 4 127 34 0 18 98 52 12 56 49 56 0 0 49 74 80 43 125 113 78 100 0 0 16 70 0 54 90 42 15 96 0 142 106 0 0 25 28 0 0 0 31 93 48 0 0 11 0 20 0 24 132 99 100 0 0 12 85 141 96 46 0 0 120 0 14 0 100 0 0 0 0 97 93 46 119 20 0 136 40 28 65 0 3 76 148 67 116 13 23 61 112 0 12 134 0 124 75 10 90 138 10 129 0 104 115 0 143 0 0 8 118 99 82 77 55 110 0 59 61 58 18 126 136 117 137 0 0 116 0
112 149 85 0 51 48 45 0 0 50 94 50 65 43 100 0 68 12 0 128 0 0 0 85 0 136 57 104 40 0 87 26 129 69 0 111 4 39 53 0 68 146 109 63 24 31 0 0 54 68 48 0 31 146 94 92 117 2 130 73 53 2 2 30 0 22 39 83 146 39 91 0 0 28 0 102 91 19 68 128 32 0 14 75 47 86 34 0 108 103 146 89 0 44 0 81 0 91 84 78 108 74 0 50 88 0 0 125 74 126 89 0 31 0 102 51 0 0 0 34 118 147 72 54 22 0 118 0 0 0 145 34 92 0 0 33 0 111 0 0 74 16 56 145 56 33 133 26 0 117
50 77 0 0 55 85 0 0 0 0 18 87 0 133 5 0 0 50 73 87 75 100 58 0 0 144 87 69 0 56 0 58 74 0 144 0 0 0 49 79 119 50 1 27 25 6 128 86 143 74 74 137 19 63 18 86 0 0 15 119 32 0 114 0 0 41 23 74 113 41 0 42 122 147 0 115 103 45 107 0 23 0 83 59 67 105 144 0 8 72 5 147 103 66 10 4 146 95 0 101 0 59 38 18 133 2 108 0 70 26 23 136 0 102 0 0 32 66 146 28 0 0 0 0 140 0 6 117 0 111 47 131 64 87 85 63 22 100 83 28 0 0 57 0 0 85 0 14 66 76
67 65 141 12 143 26 43 2 66 0 144 75 101 64 140 104 112 86 87 0 10 90 58 0 46 126 45 149 0 0 71 0 0 128 90 74 115 37 4 47 0 89 89 123 49 80 23 1 5 42 77 127 102 133 112 0 21 123 99 22 69 0 0 128 71 89 0 29 0 2 35 53 0 18 123 86 96 124 55 114 0 80 94 128 45 113 0 50 55 121 0 11 67 0 103 111 36 0 67 0 14 49 64 79 0 32 99 62 32 0 12 0 0 66 71 128 92 21 139 0 92 1 75 140 58 0 119 0 0 0 49 108 0 0 112 37 0 0 0 0 0 50 48 0 56 86 0 55 107 78
111 89 52 0 0 56 0 94 105 52 95 0 28 0 37 7 89 20 0 137 0 0 0 21 1 13 114 85 131 114 0 0 7 16 46 0 103 0 50 0 12 71 138 8 0 0 97 0 60 110 0 26 0 78 45 1 71 24 93 14 61 64 95 77 114 43 0 0 134 0 93 0 128 0 139 66 46 42 16 148 89 3 0 23 0 40 98 0 87 19 145 0 0 70 112 0 41 0 53 0 112 0 0 12 5 74 13 98 68 54 133 84 0 97 24 98 139 0 61 0 142 121 129 131 81 15 2 0 0 15 0 86 97 0 30 11 73 62 60 0 0 132 149 0 24 66 75 0 0 100
15 112 84 0 0 0 27 105 49 0 120 55 0 1 48 11 3 1 136 149 122 77 111 146 134 28 10 0 0 117 0 109 133 3 87 0 0 0 0 111 71 0 0 89 69 117 62 0 48 0 115 4 11 79 51 117 52 148 54 37 0 33 38 34 0 49 18 44 143 114 146 47 147 0 62 0 42 66 0 148 108 27 0 79 127 0 0 5 92 59 118 28 37 86 76 0 53 0 149 0 0 0 144 131 27 115 54 26 0 33 0 0 79 0 2 40 0 122 0 118 78 148 128 16 0 0 0 0 111 119 136 0 0 4 116 96 12 0 63 0 92 0 71 41 125 42 140 8 109 69
58 126 63 36 0 62 98 0 0 140 0 116 73 88 3 31 0 130 124 63 87 111 17 68 78 0 100 137 123 140 35 47 0 107 51 0 35 147 20 0 58 67 104 56 0 0 21 118 80 112 0 116 0 115 0 74 122 63 72 64 32 132 38 92 0 68 70 49 0 0 0 54 134 0 16 118 116 24 94 60 8 103 141 0 0 122 79 137 73 0 120 101 0 64 86 0 78 80 0 51 87 81 66 107 9 0 0 0 67 140 132 97 112 0 129 111 77 0 94 0 96 15 41 40 145 102 0 108 141 99 76 0 0 108 51 18 136 143 0 0 0 0 0 79 25 49 0 0 101 68
137 78 85 0 55 145 147 95 28 129 149 0 61 127 121 93 0 86 136 0 20 57 4 12 0 146 70 22 0 80 0 0 2 0 15 101 120 12 65 103 23 11 29 56 0 145 0 0 90 0 124 78 22 0 23 0 106 0 125 55 123 0 77 142 46 0 42 0 121 0 72 0 85 97 0 102 1 0 0 0 145 0 27 96 7 98 130 4 73 0 33 0 72 119 0 0 57 26 0 28 83 104 0 0 0 88 0 57 7 0 0 133 0 117 10 0 26 0 132 64 125 17 136 0 0 9 0 122 35 101 83 0 0 0 137 54 0 123 20 63 0 41 9 40 80 0 130 140 80 12
90 0 49 67 83 47 54 29 131 79 0 69 0 145 65 138 82 19 82 129 45 120 104 43 72 72 72 136 0 76 32 14 142 45 9 7 2 39 40 30 32 57 149 75 0 0 62 0 137 0 0 0 49 140 22 33 0 12 46 0 35 0 41 37 0 64 57 133 0 24 93 73 0 0 25 8 0 143 7 72 62 0 87 104 117 128 0 48 0 0 53 136 58 0 0 0 0 24 77 104 13 0 85 54 0 117 0 69 64 42 1 0 138 55 0 22 134 67 112 79 0 43 29 0 130 97 0 87 0 0 101 92 42 0 0 73 139 97 14 109 61 20 141 44 107 28 109 1 129 102
0 0 0 0 148 0 145 33 0 42 0 44 14 0 72 0 146 9 0 0 56 40 53 0 0 21 120 0 49 0 0 58 68 0 85 116 0 7 126 47 0 0 98 81 68 39 65 15 32 19 15 0 25 51 132 96 0 67 30 110 35 116 104 85 119 123 35 131 0 79 37 36 17 145 0 0 0 101 113 113 25 70 0 84 119 120 67 0 89 148 47 29 115 132 3 68 125 44 2 3 0 69 40 0 40 62 74 63 146 80 0 55 0 55 0 12 0 0 108 16 35 32 61 127 14 0 69 12 90 0 0 74 0 109 97 0 3 1 86 0 1 0 0 46 84 0 0 0 69 0
11 0 74 26 0 132 0 64 114 0 32 148 0 53 134 0 123 134 125 112 125 0 96 106 80 0 0 0 123 27 123 0 0 109 26 136 116 69 144 0 0 0 118 18 0 96 76 148 94 129 0 23 121 0 20 138 0 129 145 0 0 0 22 119 0 0 131 0 0 81 88 0 74 0 0 133 27 90 0 48 0 0 3 29 119 0 94 127 0 32 0 76 0 22 85 104 0 23 144 36 127 0 127 78 7 145 51 129 0 0 105 139 108 0 54 79 128 87 139 0 0 45 14 9 70 140 76 0 108 9 37 104 28 0 108 145 0 70 117 0 58 0 0 0 30 138 3 0 85 0
146 25 6 143 110 69 0 70 73 0 143 136 0 0 0 0 0 142 138 3 47 113 21 118 0 0 111 74 88 0 147 0 0 0 0 102 132 73 80 55 0 132 95 0 71 26 84 0 116 143 101 28 81 45 69 109 6 0 142 0 0 133 29 4 118 0 69 135 119 87 23 0 36 129 51 0 84 82 110 0 132 5 0 37 0 103 138 37 26 8 0 136 0 149 141 78 1 123 111 142 128 53 88 0 59 0 0 77 79 128 93 100 0 93 107 0 42 21 0 0 42 0 0 18 0 34 85 0 75 133 114 137 16 20 53 54 132 0 0 142 70 0 3 107 41 6 67 138 34 0
35 92 87 91 64 0 67 98 103 0 73 8 21 32 36 0 0 0 146 83 77 25 91 87 0 125 97 114 8 39 54 53 98 47 0 0 0 137 1 70 20 16 145 0 109 85 0 83 116 5 0 78 56 144 85 0 94 0 0 0 93 0 54 0 76 0 76 25 0 110 90 0 0 83 118 55 0 0 91 26 17 96 0 28 81 14 114 131 0 92 71 66 0 144 107 0 142 0 52 0 81 61 39 143 0 102 118 0 14 94 28 59 90 8 0 0 0 85 70 34 141 101 0 146 49 38 0 141 0 59 112 50 0 81 49 0 0 88 0 0 144 41 73 82 19 47 0 0 0 69
105 2 0 0 138 130 0 28 0 0 140 18 0 137 0 0 0 124 0 0 105 138 130 34 0 51 65 96 0 148 0 114 61 101 64 9 72 38 0 0 123 0 0 85 46 71 0 92 144 17 0 136 115 76 63 46 17 149 101 0 91 12 12 0 14 47 0 88 93 0 0 16 0 61 75 0 46 96 16 0 119 0 140 63 0 95 123 15 0 78 0 13 74 34 100 39 100 0 97 0 57 82 115 133 117 38 123 0 0 75 117 0 0 135 0 108 78 137 114 146 87 135 0 103 129 0 140 70 0 23 22 121 0 0 133 33 0 28 7 0 57 0 38 0 21 78 118 2 100 124
29 135 0 101 35 0 75 30 40 9 0 148 0 0 0 51 0 57 60 101 140 0 27 0 0 99 65 61 29 118 53 0 80 0 8 13 0 16 93 107 101 137 0 76 140 51 0 127 0 81 61 0 79 124 114 0 140 90 81 50 24 98 83 114 0 0 115 31 131 145 66 67 123 21 134 1 0 10 47 35 144 29 0 37 35 87 7 97 0 120 109 122 0 0 0 70 147 114 0 122 25 89 103 6 128 0 128 0 35 102 39 31 47 0 68 125 68 0 0 67 140 0 0 49 0 111 83 119 0 42 115 0 140 88 16 15 22 57 117 69 0 92 62 27 69 77 36 0 20 83
100 0 46 0 116 108 73 37 0 47 142 12 0 83 0 144 116 65 120 60 68 18 28 2 11 105 0 118 46 0 0 139 29 127 72 148 0 129 35 79 0 0 134 131 0 58 81 136 46 77 0 65 137 0 0 0 51 126 0 21 0 0 77 58 0 121 28 12 0 112 25 136 45 61 0 81 0 94 73 96 1 79 62 73 0 137 96 100 32 46 86 0 0 0 0 65 0 0 33 52 117 67 103 144 107 23 137 0 0 62 0 0 71 0 1 0 31 72 0 0 111 0 21 0 104 0 6 0 104 68 105 115 62 35 143 74 0 30 92 82 13 0 0 121 106 81 9 110 139 16
18 134 117 0 14 0 33 0 1 147 137 136 59 78 29 95 93 133 11 0 0 123 0 0 0 119 0 52 92 82 57 0 75 41 122 48 90 0 129 104 0 134 0 36 104 0 11 103 0 85 0 0 38 95 0 88 113 68 0 0 91 109 0 0 9 22 0 0 107 147 92 0 30 94 63 18 20 53 38 77 37 70 120 106 101 72 0 72 31 24 89 107 64 35 73 128 0 143 0 0 55 102 72 19 46 106 0 48 27 124 108 135 43 98 48 130 33 84 0 107 69 0 127 106 39 39 31 11 79 4 80 0 109 0 89 0 2 83 119 0 94 0 0 0 133 101 10 96 0 0
128 1 0 0 123 77 125 143 60 145 105 13 123 91 47 122 54 76 71 0 102 108 0 71 0 146 26 91 0 83 92 31 69 0 72 0 0 138 59 0 44 0 23 143 28 106 116 118 109 134 61 48 143 27 108 78 105 75 0 0 63 81 84 0 0 0 1 69 0 108 0 45 0 0 10 49 0 16 35 20 0 31 115 30 149 0 60 35 149 69 80 40 54 7 103 116 97 138 85 0 101 37 86 65 0 148 0 0 120 33 88 0 28 34 0 0 0 63 105 58 74 21 51 0 92 81 0 114 45 16 108 148 57 24 13 72 149 0 50 10 138 0 0 0 132 0 46 0 0 110
0 136 1 0 0 1 8 52 0 120 0 79 37 134 17 60 49 0 93 0 67 0 0 0 71 144 139 20 47 34 0 56 3 71 49 3 0 2 102 0 0 89 146 112 96 2 2 0 0 122 0 0 81 0 96 134 114 0 0 90 0 0 28 15 58 0 136 144 43 93 59 137 63 111 92 11 0 0 20 44 99 0 119 0 87 57 0 0 76 88 101 65 130 0 131 101 2 58 149 88 5 127 119 0 0 32 0 0 73 137 0 130 52 0 0 25 58 6 124 119 53 138 2 19 97 68 0 41 25 0 6 4 11 60 93 120 0 47 16 103 127 74 146 0 0 109 0 24 9 16
0 4 96 0 124 53 7 25 120 38 98 51 104 0 0 109 128 0 24 10 0 0 10 55 0 27 114 149 126 55 0 32 81 0 0 0 0 92 102 50 8 99 134 39 145 78 87 0 70 10 95 0 48 91 37 16 0 76 34 72 0 0 38 44 0 60 0 37 138 9 0 57 0 134 59 144 0 29 0 114 24 71 0 4 0 101 114 0 0 148 144 0 110 20 104 42 20 21 126 69 105 0 85 45 54 36 103 0 88 0 141 66 112 10 9 0 84 33 38 0 102 80 97 131 65 0 131 0 119 41 100 141 34 136 34 48 149 0 0 135 103 6 66 47 106 0 0 0 137 59
0 0 0 0 0 32 0 0 40 0 48 61 71 122 0 25 142 45 52 47 59 114 54 91 0 92 69 56 0 41 0 44 0 0 34 71 0 133 0 142 5 133 0 0 12 0 0 66 0 24 0 41 57 138 86 64 142 64 96 22 33 0 115 0 31 0 129 71 122 90 61 0 131 144 89 57 128 0 47 0 135 0 16 88 138 0 0 122 7 2 59 123 0 67 86 128 17 146 79 114 0 20 0 71 62 24 57 36 21 68 120 138 135 0 78 16 66 80 69 0 2 92 3 0 0 0 67 118 0 0 93 53 88 0 16 55 0 0 40 93 91 75 85 24 140 63 0 0 15 103
0 135 139 60 0 0 99 14 34 0 143 24 9 98 19 63 4 130 39 0 31 129 57 0 0 143 136 39 0 48 145 0 17 0 59 0 132 10 84 119 0 0 63 0 28 0 0 43 82 0 30 4 0 93 25 26 88 101 0 0 0 0 65 87 44 116 125 0 69 49 0 70 39 0 141 30 106 115 6 15 31 0 16 0 0 22 125 124 60 104 0 96 37 0 66 60 0 64 101 27 12 8 0 92 92 144 86 89 75 114 12 133 139 121 73 0 74 0 0 0 26 0 53 133 0 37 0 59 21 0 0 0 132 116 26 0 0 76 92 133 0 90 13 85 0 87 122 0 65 76
130 95 33 101 147 94 104 0 122 82 78 0 140 0 0 0 38 120 75 0 36 6 0 0 19 79 108 98 0 0 53 117 101 39 9 135 141 0 1 48 51 115 149 0 0 141 60 20 2 135 73 52 143 0 117 114 143 0 0 0 74 0 80 21 125 51 44 109 127 143 147 0 0 47 131 23 82 0 0 0 0 143 106 0 115 93 37 0 125 137 0 0 92 97 139 1 0 62 7 0 0 0 15 0 126 54 41 135 121 0 37 27 0 101 134 103 141 6 148 0 70 31 116 0 141 136 105 16 0 0 44 0 36 0 91 1 143 46 119 96 44 0 65 112 0 0 97 126 0 88
84 0 89 22 0 132 20 5 85 24 74 77 0 107 0 49 0 0 34 139 132 83 0 40 81 0 0 113 78 106 72 0 140 0 66 0 133 107 93 49 135 0 135 126 76 0 109 0 0 103 30 0 85 92 140 102 80 126 0 14 0 0 135 27 0 136 0 104 92 144 121 0 0 0 0 5 8 0 146 63 0 0 0 128 67 0 0 0 74 47 31 104 1 0 0 75 93 32 76 0 119 132 0 0 0 81 127 0 0 118 7 5 0 0 0 5 85 114 0 14 129 91 48 0 0 13 21 143 0 60 0 0 0 91 0 0 0 0 0 0 104 0 87 0 132 120 0 0 14 0
