25
0 24 7 24 0 0 6 0 16 9 8 0 0 4 0 2 0 23 21 16 20 0 8 16 7
0 0 13 17 4 0 4 1 8 0 13 0 3 15 11 2 0 4 0 0 0 6 20 5 7
13 15 0 16 0 22 15 0 0 1 22 0 22 13 9 9 0 0 6 5 0 13 24 0 0
18 0 0 0 0 8 0 9 22 21 21 5 13 9 0 21 0 0 0 0 1 10 2 16 17
4 0 0 13 0 11 9 1 14 11 0 0 8 20 22 24 21 0 23 12 13 23 8 0 9
12 6 0 4 17 0 21 0 15 8 22 10 0 9 8 0 11 13 12 12 3 19 0 0 18
14 4 0 10 0 0 0 7 0 6 0 0 0 8 10 23 8 8 0 0 12 3 18 0 17
10 0 0 7 0 6 18 0 4 7 0 5 8 0 0 21 0 4 16 10 4 3 0 0 16
24 19 7 24 21 0 11 5 0 0 0 14 2 17 1 0 0 6 0 18 17 7 0 1 15
8 10 5 0 9 16 0 22 10 0 17 0 0 22 0 10 8 11 0 1 13 9 19 23 22
0 0 2 3 0 0 0 9 0 1 0 23 19 0 5 23 0 16 0 0 0 17 4 0 5
5 0 22 17 0 8 0 0 0 4 0 0 7 23 0 0 24 7 0 19 0 1 1 9 13
0 18 0 18 13 13 0 10 0 0 7 0 0 4 18 13 13 12 4 0 0 3 0 0 0
0 24 15 0 21 15 12 0 19 0 0 20 16 0 0 16 14 0 0 6 0 17 0 14 1
0 15 9 4 17 22 17 0 11 8 19 6 0 0 0 0 0 7 6 21 21 0 11 10 0
15 10 4 13 0 0 19 23 0 0 6 0 0 0 9 0 7 6 9 0 10 23 10 0 0
0 18 17 12 0 14 11 21 21 16 6 10 13 0 19 15 0 0 8 0 0 0 5 0 0
0 0 0 14 8 0 0 12 23 1 5 1 0 0 0 0 0 0 17 13 17 0 9 15 19
0 17 6 1 0 0 13 9 8 1 0 5 0 9 16 1 16 15 0 23 20 15 21 20 15
9 13 19 9 0 4 6 11 0 0 0 9 1 4 17 4 8 12 14 0 12 11 0 20 0
0 19 5 21 19 14 11 22 5 14 0 20 0 0 0 13 19 6 18 8 0 0 0 23 10
0 24 3 5 14 23 18 22 6 22 5 20 11 0 19 21 0 0 10 13 17 0 5 0 14
0 0 1 14 11 18 23 17 0 3 20 0 9 8 10 23 6 7 5 15 23 0 0 14 8
0 10 9 0 0 8 24 10 5 8 2 10 0 2 0 0 1 9 8 0 14 17 0 0 9
3 16 21 0 0 6 1 0 23 8 17 9 19 0 9 0 15 2 12 13 0 0 0 6 0
