50
0 16 0 13 26 21 28 12 15 36 0 33 41 0 0 0 34 36 7 6 43 37 12 0 17 26 34 5 38 0 0 41 0 30 34 3 16 29 0 0 0 0 25 13 46 21 10 0 47 44
49 0 49 48 41 22 12 47 44 12 0 34 5 0 27 0 27 31 31 27 0 24 43 26 1 35 7 13 20 27 9 6 0 3 15 16 30 0 12 0 0 0 0 0 9 45 0 1 39 0
0 6 0 0 0 0 0 12 0 0 4 8 45 15 35 5 0 16 22 38 0 22 0 4 27 12 23 28 0 15 46 0 25 44 0 29 3 24 38 35 47 19 48 0 41 37 29 15 49 45
0 33 42 0 0 0 0 6 0 8 45 8 9 21 43 6 31 17 7 20 38 0 0 0 30 6 16 0 40 0 0 9 0 0 33 0 22 15 16 9 4 0 21 3 24 0 7 48 33 46
32 35 0 9 0 7 27 0 25 29 0 0 0 0 0 0 0 20 0 0 0 36 0 0 0 0 7 0 0 30 0 30 26 0 46 46 0 0 35 0 0 0 0 18 11 29 45 39 0 14
0 42 0 2 44 0 24 40 0 19 1 18 0 0 44 0 48 3 23 0 43 0 23 2 31 26 33 8 0 39 49 0 30 0 5 39 12 0 8 0 28 0 18 0 0 0 0 27 6 0
31 33 9 0 43 1 0 30 41 27 1 0 4 5 40 5 4 11 15 16 32 18 0 27 31 8 16 35 49 8 32 0 29 3 17 30 13 0 22 0 0 0 16 25 0 0 0 35 39 49
8 0 0 40 5 37 20 0 20 0 31 0 47 47 19 0 39 32 26 33 0 0 29 0 0 13 0 36 44 0 0 0 0 40 0 27 17 23 35 43 10 10 39 32 0 0 0 28 5 25
0 22 39 13 7 0 17 32 0 0 21 31 48 7 4 6 0 9 0 20 28 19 0 15 17 39 25 11 45 25 14 34 42 0 0 46 5 5 0 30 0 13 45 0 5 32 48 24 0 24
11 19 23 3 5 0 14 0 33 0 6 9 0 19 27 0 48 22 0 0 0 49 0 2 0 0 40 30 36 16 7 45 41 33 41 0 32 15 34 19 0 19 46 47 0 5 48 0 22 10
37 26 0 28 20 0 14 13 47 0 0 0 0 46 40 43 38 23 16 37 3 24 35 41 35 49 27 0 20 31 13 24 31 47 45 32 0 0 33 0 24 0 36 0 27 0 0 13 0 37
20 0 3 0 28 0 31 0 0 0 0 0 27 18 0 0 37 18 41 0 47 36 24 44 0 0 14 0 42 35 0 8 7 0 25 20 31 0 16 0 2 9 0 18 0 0 43 18 0 23
10 0 29 37 18 12 42 10 0 21 0 0 0 34 15 37 9 0 4 0 20 43 49 38 0 48 12 3 35 37 40 0 23 0 8 43 0 18 38 25 46 0 19 24 4 47 39 0 49 9
25 39 21 21 0 0 27 16 29 0 10 0 17 0 0 45 16 22 38 22 44 30 32 28 49 32 14 0 6 33 23 22 23 0 2 0 0 0 24 0 36 0 0 0 0 0 28 0 0 12
40 0 0 0 37 1 30 0 25 11 26 35 6 28 0 9 22 13 38 28 0 43 10 0 0 22 45 7 11 45 19 25 0 0 0 0 48 0 2 43 0 14 35 3 0 42 3 30 0 0
8 0 39 5 0 13 26 0 48 0 41 0 29 22 46 0 16 2 41 0 24 0 7 0 0 30 39 28 0 3 49 25 33 31 9 19 11 0 0 0 3 44 0 22 40 24 41 11 16 29
0 0 24 0 0 49 28 17 31 29 24 0 28 15 16 41 0 46 48 29 47 19 0 48 0 37 0 0 0 22 0 21 0 16 17 0 24 6 18 36 0 30 4 16 21 49 6 14 7 4
41 11 25 27 41 0 3 0 0 43 0 35 0 0 0 7 37 0 4 17 42 41 22 12 46 25 16 27 7 49 48 0 39 34 0 2 8 43 16 0 0 37 28 0 21 39 1 36 0 0
39 44 15 8 10 0 49 0 0 38 0 0 0 0 0 25 24 27 0 3 37 0 29 0 0 0 28 49 23 16 47 0 46 0 12 26 0 41 0 36 25 18 23 7 37 0 34 0 32 0
0 20 36 19 10 20 5 40 10 9 0 0 0 19 34 13 0 7 0 0 0 44 0 0 47 18 7 2 0 1 6 40 49 17 38 39 0 0 34 44 43 14 0 0 41 7 0 0 7 0
11 0 16 0 0 45 9 43 32 46 27 14 39 30 0 0 45 26 35 27 0 13 28 0 3 41 47 0 42 0 0 0 4 37 0 0 12 0 0 8 35 27 4 0 40 8 36 0 21 3
48 20 25 33 0 18 3 0 0 0 0 0 0 0 0 0 0 45 23 15 37 0 0 13 22 46 20 45 0 9 44 0 0 0 28 0 0 6 3 0 5 47 49 0 23 43 0 0 0 0
31 0 0 38 13 49 0 0 0 1 14 31 19 0 22 30 0 48 0 0 0 0 0 10 5 0 0 42 0 39 0 44 0 9 26 0 35 0 45 17 3 0 39 6 4 23 49 0 38 48
0 1 6 0 0 0 3 37 49 0 19 37 1 3 16 35 28 21 0 0 0 25 42 0 0 0 28 11 10 42 2 22 8 0 0 27 42 45 38 19 2 41 6 49 20 0 4 0 3 22
48 9 5 0 21 5 32 0 0 3 29 0 47 13 0 0 7 0 31 15 0 47 21 47 0 0 6 48 0 33 0 0 28 15 0 42 0 15 46 41 1 40 13 0 0 46 0 12 0 29
21 1 17 49 0 19 0 15 1 31 0 38 10 11 0 35 43 0 13 0 18 48 3 0 0 0 10 7 26 7 3 44 22 21 0 14 0 32 31 21 4 40 0 28 6 36 0 0 25 28
27 27 7 0 0 10 22 35 24 22 46 41 0 38 0 27 16 33 11 43 30 8 25 49 0 40 0 20 39 46 0 15 0 21 37 30 0 21 42 0 0 46 6 46 0 34 8 2 21 0
36 8 43 14 30 14 3 9 39 49 26 40 48 5 0 30 47 0 37 11 0 0 0 42 43 4 20 0 0 35 3 29 0 33 0 8 11 47 24 0 0 1 39 3 21 0 44 45 42 28
47 17 15 16 24 29 0 16 0 47 0 32 4 15 0 23 7 48 2 19 7 0 20 0 0 10 2 38 0 0 19 47 0 0 8 35 28 20 14 35 0 12 15 24 47 11 28 2 46 0
26 46 38 36 41 27 41 0 22 0 0 10 35 16 45 47 7 11 19 46 19 20 10 47 0 4 0 32 27 0 39 0 39 0 41 0 0 45 26 0 38 42 0 0 35 0 0 6 15 5
0 40 31 43 20 0 9 45 37 31 0 43 19 15 0 49 48 38 48 38 43 39 26 44 2 3 37 0 9 0 0 2 16 0 9 17 3 0 0 40 18 22 13 0 38 22 0 0 16 13
0 0 11 7 0 0 0 0 24 46 6 10 0 21 28 36 0 34 15 25 20 16 0 26 33 47 8 48 30 40 11 0 48 0 18 23 43 3 0 0 16 1 0 0 0 0 34 0 34 30
25 48 33 35 31 19 15 23 0 0 0 0 13 46 32 8 0 14 0 13 0 13 30 40 0 34 34 0 0 31 24 2 0 0 16 13 11 7 27 21 0 0 0 3 38 20 31 0 0 1
0 6 27 29 0 46 46 12 6 0 10 33 42 6 26 0 39 0 16 0 33 11 33 0 15 0 38 16 11 44 0 0 0 0 0 0 28 8 0 24 6 0 30 0 45 47 4 0 26 33
19 0 0 2 20 46 15 0 48 32 0 45 30 36 0 39 0 0 49 0 0 14 0 35 0 17 3 30 36 23 12 46 46 23 0 0 13 10 17 13 0 0 0 9 28 31 44 0 0 12
48 42 21 0 36 0 35 0 4 7 27 0 48 27 14 3 41 25 16 35 8 4 40 15 0 33 36 26 0 12 0 12 27 0 18 0 2 31 12 38 41 2 2 0 0 0 0 36 27 1
21 41 0 2 12 43 0 36 0 15 7 32 16 0 37 32 29 38 20 36 22 0 21 46 1 7 0 41 44 28 0 17 33 20 49 28 0 10 0 32 45 0 24 0 31 0 18 15 5 0
6 7 0 44 0 19 0 0 45 0 0 34 26 6 0 5 20 5 0 6 27 42 0 0 7 36 17 13 42 24 37 48 27 35 0 11 46 0 27 0 15 5 29 9 0 0 19 2 0 0
0 0 0 0 17 0 24 0 24 18 24 40 6 0 44 0 0 2 19 16 0 24 0 26 37 21 0 36 1 0 14 0 11 20 33 36 1 7 0 37 7 32 12 22 0 0 0 0 24 35
4 0 41 43 21 0 7 0 0 15 49 42 38 37 29 27 0 28 18 0 1 49 27 22 37 40 0 0 37 16 27 0 0 0 0 0 14 0 0 0 26 4 5 0 9 30 6 36 26 4
0 0 31 11 32 0 0 23 0 11 0 41 44 0 2 0 11 29 33 7 41 13 48 45 47 0 36 22 0 0 0 0 0 0 21 0 0 28 18 45 0 0 22 18 42 49 0 13 0 0
2 0 2 0 9 43 22 0 38 10 16 17 0 46 29 0 0 44 30 0 30 0 13 0 17 18 29 0 10 32 40 34 14 10 22 33 0 0 0 3 40 0 14 44 45 7 1 23 33 42
18 0 36 15 24 36 0 36 18 27 0 0 0 0 0 0 14 18 48 47 4 0 20 49 34 22 0 25 3 0 23 36 0 5 33 27 44 41 20 0 46 10 0 9 0 40 26 47 0 0
44 0 46 44 37 1 48 4 15 22 0 0 0 41 16 7 0 9 0 38 4 44 0 10 18 36 0 27 0 3 26 29 0 1 20 0 31 9 37 0 6 7 31 0 11 0 42 47 47 16
34 34 48 0 41 11 0 0 27 0 38 0 22 0 36 15 33 7 44 0 35 32 24 27 2 0 15 10 0 8 12 4 16 20 0 7 15 0 0 23 2 29 0 44 0 5 11 33 0 0
0 29 10 9 1 25 0 47 0 15 19 0 27 0 36 0 40 39 0 0 0 13 19 25 0 0 48 48 0 44 27 35 14 14 0 23 11 0 26 0 7 10 0 2 34 0 0 0 45 23
28 0 24 17 13 4 17 35 2 0 0 0 41 18 18 3 0 29 26 11 0 0 30 0 49 8 0 0 40 11 20 30 49 35 47 0 16 35 26 34 17 4 0 0 13 26 0 49 0 2
0 9 35 0 18 36 36 49 32 0 45 0 44 35 3 33 12 0 26 0 36 39 16 26 1 2 23 17 20 8 36 11 48 16 34 0 31 46 2 26 0 30 25 2 0 0 36 0 6 0
11 35 0 16 0 0 8 20 0 0 23 4 0 48 19 20 44 8 24 18 0 0 0 0 28 27 22 24 0 0 0 33 9 23 0 48 21 42 34 38 0 0 8 0 1 7 0 26 0 35
23 0 13 0 24 0 38 33 48 0 29 11 11 10 47 19 0 26 22 44 14 46 0 44 0 22 3 11 0 33 0 0 30 45 0 0 29 33 7 0 0 0 0 39 0 31 12 29 0 0
