75
0 0 0 14 18 0 5 0 12 4 0 0 7 26 0 56 0 31 16 0 45 28 45 37 66 34 3 5 26 74 0 1 26 58 0 0 22 67 53 14 74 39 24 0 16 71 58 20 0 42 54 70 54 13 46 27 65 0 51 54 8 53 43 74 0 72 21 0 0 0 54 68 12 0 43
30 0 53 30 5 60 17 46 33 31 36 0 39 28 28 19 30 0 0 0 0 64 0 23 30 0 0 17 69 45 48 62 52 51 68 0 28 0 74 0 16 41 0 37 41 68 59 72 20 71 0 0 68 31 68 14 0 21 0 36 37 58 17 16 12 41 63 20 42 0 55 26 16 27 74
0 73 0 29 0 66 27 69 0 0 32 67 0 0 34 28 2 39 0 0 72 28 12 52 0 0 4 0 38 0 0 8 0 2 4 0 0 57 0 0 12 0 70 13 0 62 65 0 30 57 52 22 0 21 0 0 0 7 0 27 33 17 0 49 0 0 0 46 0 71 53 37 0 26 34
37 0 1 0 59 15 0 71 17 74 36 45 29 7 0 0 3 41 0 20 53 22 64 65 21 0 38 15 15 43 0 6 0 0 16 0 0 58 0 12 29 57 0 31 22 15 41 50 56 28 0 0 37 69 35 41 0 27 29 66 0 40 58 40 56 65 42 23 0 47 0 0 0 0 41
0 3 39 48 0 41 29 29 9 65 74 0 0 72 28 28 10 55 62 36 66 38 0 0 23 0 52 30 58 48 51 42 46 0 9 16 61 11 54 48 0 24 0 1 19 46 0 69 0 0 0 60 46 0 0 0 0 0 58 0 8 0 0 0 34 0 55 67 54 69 22 0 0 32 0
50 1 30 26 0 0 56 71 0 40 0 0 11 28 0 74 21 55 11 13 55 60 56 42 27 0 19 45 0 28 35 50 18 0 13 0 48 38 0 25 0 4 0 7 3 0 32 0 0 63 0 0 64 21 47 3 0 74 72 0 61 33 23 26 54 34 54 0 40 32 60 0 38 0 18
19 4 23 34 60 62 0 25 8 0 56 58 69 0 38 19 57 68 0 0 57 0 63 57 19 0 52 36 0 0 0 0 0 37 23 0 57 63 0 0 20 14 0 17 0 28 61 39 13 60 13 9 43 19 25 70 63 0 73 63 0 0 62 73 40 0 0 64 17 0 8 0 37 42 59
0 0 0 0 72 10 0 0 0 0 11 0 44 62 15 61 0 4 67 45 15 40 67 23 34 0 0 0 0 0 0 74 0 54 0 14 29 13 20 0 38 1 0 44 17 64 36 0 61 35 0 0 0 63 36 45 17 30 0 9 39 0 0 35 73 0 58 64 39 45 30 18 4 9 6
50 0 66 8 21 67 0 43 0 50 10 21 0 38 55 0 0 2 54 33 7 70 29 16 8 52 52 64 5 23 65 16 45 63 59 0 25 0 0 44 14 45 62 64 0 53 49 0 19 44 70 0 37 37 39 9 0 0 0 0 27 31 0 0 69 57 0 37 58 11 30 7 33 54 69
5 48 0 6 50 14 52 0 58 0 19 0 15 0 29 46 12 25 41 64 41 14 0 49 52 27 0 16 26 30 52 61 51 0 45 54 65 36 10 0 63 22 55 48 44 72 19 20 11 31 0 0 47 0 0 12 0 38 3 29 0 10 0 14 5 56 2 32 68 0 0 51 68 2 0
0 37 4 1 29 41 0 0 58 45 0 73 74 0 46 27 0 70 0 21 40 0 0 41 0 59 66 31 0 74 69 33 9 0 14 0 21 70 70 0 66 40 18 0 0 0 37 50 0 12 59 0 38 0 34 67 52 7 5 0 31 45 20 55 11 51 37 74 0 38 32 0 9 18 5
3 54 53 19 65 0 5 10 41 0 68 0 36 54 63 65 3 39 74 66 0 40 0 0 50 73 0 19 39 50 19 0 73 13 0 44 20 62 11 19 71 0 38 54 34 31 34 17 0 66 0 0 0 71 59 24 25 61 0 0 0 43 70 15 20 43 0 74 14 0 68 53 13 22 70
70 53 1 7 0 34 0 51 73 16 30 47 0 21 71 0 0 51 0 22 72 55 71 20 9 56 21 46 0 0 0 4 32 62 0 0 8 74 0 0 0 4 29 15 0 0 0 71 23 7 19 0 73 55 18 67 44 0 7 48 58 60 0 68 0 17 47 0 0 1 6 50 25 54 53
0 43 18 21 43 69 61 68 46 60 0 17 21 0 28 0 0 66 42 71 3 22 34 0 33 39 0 13 7 0 25 0 0 27 0 20 5 49 0 0 0 6 4 55 17 6 0 0 0 35 17 0 4 43 33 25 62 37 0 9 19 23 30 0 0 40 6 0 58 0 46 13 0 22 50
0 0 31 65 28 9 28 34 37 10 22 0 0 44 0 0 12 1 0 63 73 0 26 18 6 0 17 12 40 28 0 71 14 0 18 0 0 16 19 61 25 36 0 46 0 0 6 0 3 0 74 8 0 15 44 15 13 0 44 0 18 14 0 0 0 0 0 65 73 73 17 63 28 47 64
19 64 0 7 16 13 30 32 19 47 0 18 0 15 14 0 57 0 0 0 4 70 19 39 0 50 53 64 0 45 55 0 0 0 11 1 73 74 27 46 40 13 0 6 18 61 48 46 70 0 0 0 0 16 20 0 60 2 11 32 8 0 0 17 0 0 0 0 39 66 61 23 38 7 0
0 0 1 0 0 60 0 16 0 39 58 74 21 1 40 0 0 0 0 43 46 6 0 64 39 47 0 69 16 4 0 0 72 44 48 70 0 0 63 0 0 25 68 65 0 8 72 15 0 19 24 66 54 0 0 0 60 61 0 37 67 67 3 0 0 0 24 0 4 9 43 70 73 59 0
15 36 42 10 35 73 0 0 28 0 57 32 48 22 10 0 0 0 39 0 34 35 35 31 0 0 0 64 0 3 32 0 29 0 46 49 19 35 0 72 35 70 0 0 16 56 0 0 0 61 24 0 12 27 0 28 0 51 31 40 9 18 0 0 13 6 41 40 63 49 68 0 10 65 0
0 0 57 68 2 68 73 0 5 0 14 35 0 63 72 34 36 0 0 56 0 47 62 36 15 25 0 17 51 0 17 0 0 16 53 0 33 0 2 45 0 61 7 21 73 33 0 0 0 26 50 52 8 28 41 0 0 0 0 35 0 0 0 59 68 58 5 40 63 57 0 52 0 59 73
26 10 67 0 34 33 30 34 0 48 67 0 70 5 8 42 0 0 73 0 22 71 73 5 0 14 0 46 53 50 56 0 0 0 36 34 42 0 54 31 19 32 23 52 70 0 64 35 57 0 26 11 6 65 71 0 0 0 26 2 32 40 42 54 0 10 69 42 33 0 27 50 13 55 60
69 16 0 25 5 68 9 0 30 0 38 0 0 73 52 69 0 41 51 0 0 0 48 0 18 0 12 17 29 0 8 67 34 14 64 39 74 28 0 0 49 5 21 73 53 8 0 27 73 11 0 0 23 0 28 0 21 42 56 3 0 26 18 38 52 26 32 11 53 13 64 63 45 53 0
26 20 37 0 2 38 73 15 0 11 7 47 0 54 0 41 4 18 53 0 0 0 70 7 73 47 10 71 0 18 0 0 0 63 15 56 55 67 0 57 0 0 64 6 0 0 43 0 38 54 22 23 50 62 0 44 10 23 0 0 39 10 67 38 0 24 0 0 0 37 25 36 20 55 0
0 65 0 0 2 0 24 14 67 73 0 0 17 72 0 22 20 73 7 29 41 37 0 8 18 1 0 12 63 20 67 17 13 34 53 0 12 37 0 0 9 55 53 67 0 0 0 42 0 7 16 0 30 24 49 0 10 40 0 0 44 0 33 26 60 0 44 20 38 0 60 74 10 0 32
67 35 67 0 7 0 24 36 64 0 10 50 0 63 0 22 26 73 23 20 8 8 10 0 27 38 29 36 0 58 31 44 29 14 14 43 50 56 67 64 68 0 30 0 40 0 73 35 37 0 62 0 21 0 36 0 69 27 40 32 9 58 0 40 44 0 19 54 0 11 0 4 0 0 0
0 13 27 52 35 51 70 44 28 61 0 47 0 0 0 0 0 30 41 72 0 1 54 39 0 0 0 0 70 62 54 49 26 0 45 46 0 12 0 0 22 34 0 0 50 0 0 54 61 0 43 26 35 3 51 23 73 11 28 45 69 41 44 18 0 40 0 61 54 0 15 1 0 69 69
34 35 15 0 0 48 12 0 50 59 34 49 66 37 0 10 55 40 8 72 46 46 50 19 58 0 60 0 13 62 34 0 0 0 13 59 72 25 58 27 72 42 0 0 0 22 1 0 0 31 9 59 28 25 17 29 38 0 69 47 7 68 23 33 34 0 48 0 54 0 28 61 47 52 51
46 31 0 26 0 0 1 51 42 0 0 47 34 28 0 53 40 0 68 58 53 52 0 0 72 63 0 52 67 24 70 10 37 0 15 0 54 0 73 0 57 0 19 40 50 0 44 12 16 0 0 0 10 0 68 0 2 27 66 68 0 32 0 41 43 14 34 0 48 16 32 23 20 0 71
36 57 0 39 40 0 26 39 51 0 23 66 0 0 72 72 1 31 68 1 70 50 0 74 3 33 29 0 38 72 57 53 0 63 35 0 47 40 0 49 41 0 11 61 72 0 0 27 0 54 71 31 0 68 0 17 73 0 55 52 59 20 17 40 3 59 28 21 15 61 56 0 13 26 6
17 0 65 65 50 27 35 54 56 71 44 14 0 18 0 0 0 30 8 2 0 0 54 0 63 0 61 0 0 0 0 0 53 39 15 3 0 51 33 70 52 31 13 38 63 0 3 0 74 5 60 55 19 0 0 0 62 21 21 0 44 0 51 30 0 0 44 0 54 18 13 35 0 25 26
72 72 0 7 70 59 66 0 50 0 0 39 30 47 70 47 51 65 53 13 4 12 28 30 45 12 24 8 55 0 60 0 0 21 3 0 57 0 0 2 0 27 35 54 74 0 44 34 20 0 52 0 19 62 0 4 37 30 31 56 0 0 0 1 65 58 60 0 0 0 3 0 52 0 0
4 69 12 54 0 2 0 0 31 71 73 0 62 0 32 0 17 69 0 0 22 45 0 0 42 29 56 0 0 0 0 0 43 0 16 55 6 0 68 3 58 74 70 9 0 0 0 0 59 74 0 56 0 44 9 0 53 37 31 0 2 22 0 66 16 0 13 0 45 0 55 29 0 64 73
0 47 36 1 27 68 44 9 6 68 0 27 4 74 54 3 0 37 17 15 27 0 13 53 0 44 0 53 66 55 0 0 64 29 0 0 30 50 55 7 46 0 32 22 50 57 30 0 4 21 0 0 2 9 0 13 17 53 61 0 34 0 63 9 30 0 0 0 53 3 4 20 50 23 47
18 20 41 0 32 56 28 13 0 0 24 27 4 54 39 42 42 26 0 42 0 0 2 50 49 0 72 12 0 37 10 70 0 63 23 38 66 2 69 60 25 0 13 50 0 0 31 13 0 16 71 0 4 19 21 31 38 6 60 32 57 31 57 0 32 0 0 15 13 62 57 0 7 40 13
39 0 20 21 0 0 19 39 11 0 24 9 16 0 16 61 57 0 9 0 27 0 0 45 0 0 42 4 69 40 63 35 36 0 46 72 56 0 43 0 53 23 37 19 54 0 42 5 5 12 50 0 49 65 0 15 18 0 2 53 14 71 32 43 0 60 52 66 45 0 34 0 59 13 0
36 0 12 19 0 26 62 6 67 70 0 0 20 19 0 0 62 58 0 0 0 0 0 0 50 21 47 64 0 0 3 74 0 72 0 0 71 0 0 0 0 0 20 58 32 0 43 73 0 16 7 30 0 0 11 61 11 72 56 0 6 8 70 60 51 34 11 0 57 65 62 69 0 0 56
23 0 20 55 0 1 47 2 0 65 39 14 0 65 22 25 0 74 0 0 0 26 52 11 43 0 17 0 49 7 9 71 11 40 33 0 0 44 0 0 0 47 12 0 35 37 63 36 2 65 0 0 0 59 0 0 0 60 0 0 10 0 39 29 10 41 0 0 70 17 46 9 10 0 0
12 71 32 0 66 3 0 0 0 28 16 44 20 29 0 17 26 0 0 25 0 60 20 12 21 0 0 0 12 22 1 0 73 14 0 57 0 30 28 49 66 63 70 0 61 8 0 66 0 22 51 8 57 4 0 50 0 13 0 16 26 15 0 0 9 0 31 39 14 31 0 25 24 0 67
17 37 0 0 48 62 22 44 64 36 20 59 25 0 0 63 0 0 0 0 50 45 0 74 50 56 61 3 55 59 3 0 69 10 55 0 67 0 18 55 0 61 55 52 0 59 0 9 0 41 16 0 6 34 10 36 11 46 69 0 51 0 17 29 0 36 74 0 39 62 16 0 0 67 27
2 25 0 52 0 0 57 18 53 25 73 25 18 42 0 59 0 18 30 0 31 66 50 44 0 5 10 49 49 33 38 0 22 66 30 30 35 11 0 0 9 0 0 73 0 14 3 33 0 38 0 18 39 25 74 60 0 30 50 63 70 18 6 57 0 0 27 43 31 17 45 54 34 37 17
3 62 0 28 20 0 12 68 0 41 0 38 56 67 0 0 54 73 0 62 10 65 74 67 44 26 60 3 15 0 0 0 2 0 17 0 62 13 7 0 32 0 51 0 0 69 21 56 0 0 18 35 0 0 4 0 2 18 14 39 16 0 6 0 0 26 0 6 0 0 20 10 29 36 10
15 54 8 71 0 22 1 0 8 12 27 50 43 4 0 42 0 49 0 44 33 63 63 58 24 31 41 31 47 0 0 0 17 25 46 0 68 6 17 0 0 0 68 0 44 0 47 70 0 74 23 0 0 16 0 0 0 0 50 42 0 43 0 29 12 34 16 23 0 0 0 24 8 51 71
0 69 23 58 7 39 6 52 33 0 8 30 52 56 58 13 24 0 18 27 0 53 16 66 46 0 12 0 15 30 54 0 0 0 0 10 3 53 13 56 24 0 0 0 50 22 37 48 0 0 35 0 74 72 68 5 48 28 20 23 53 57 47 61 0 40 0 5 68 67 42 0 0 0 55
34 56 65 31 16 38 62 49 0 8 45 37 24 9 56 41 27 73 6 4 60 3 35 39 44 0 42 13 37 2 0 63 72 67 46 21 35 3 53 61 0 0 0 0 60 42 45 66 18 0 0 0 0 2 61 0 0 69 58 28 12 0 54 25 5 0 1 0 0 6 2 73 36 56 42
70 43 74 55 59 24 0 48 4 63 19 40 52 0 42 47 0 31 0 0 65 57 28 14 5 68 1 17 6 35 26 16 0 16 27 51 41 44 20 0 0 37 56 0 7 0 0 56 38 67 42 54 0 0 0 0 18 2 0 65 0 40 38 43 0 0 0 60 0 0 0 0 51 26 16
40 0 31 73 11 0 48 45 66 62 64 31 51 39 0 48 59 42 51 0 0 30 0 38 0 50 24 11 59 38 0 55 51 0 9 36 0 11 44 17 17 0 3 53 0 4 49 45 49 15 0 11 49 0 0 46 0 0 38 40 23 0 8 0 0 17 34 35 0 23 56 44 28 0 46
55 0 52 0 0 0 25 55 0 30 40 0 72 0 4 0 0 68 0 0 0 45 0 0 1 3 0 0 61 40 14 69 65 55 35 0 43 9 46 0 0 69 0 0 42 0 61 61 0 61 17 0 0 23 18 59 17 52 0 14 21 0 68 24 65 12 60 49 73 12 33 5 30 48 30
39 48 46 0 0 48 74 0 0 4 0 42 74 0 0 16 15 0 59 0 16 73 54 0 61 43 0 15 31 0 66 0 0 0 52 10 0 43 74 46 69 67 0 54 53 47 0 48 0 45 44 50 55 29 13 5 17 26 35 74 9 52 12 44 26 12 71 45 2 30 68 0 42 0 4
30 64 23 0 32 6 0 22 68 62 55 0 0 69 66 26 50 25 0 54 37 19 6 44 0 61 0 0 0 35 33 0 0 0 47 32 20 50 51 0 22 18 0 0 1 3 0 0 45 31 0 41 52 63 3 32 18 2 68 47 0 72 5 45 69 73 0 0 58 42 36 8 20 19 40
27 39 26 0 69 70 0 72 64 7 19 3 46 26 9 11 28 66 17 0 0 11 24 44 64 9 23 17 39 0 0 0 73 0 0 9 21 0 0 10 17 0 0 28 0 51 0 56 0 0 0 28 31 37 66 0 44 6 20 69 0 67 61 10 31 40 21 0 17 55 0 0 28 27 0
5 0 20 57 0 36 53 70 60 63 0 3 0 52 16 35 31 0 0 65 14 45 41 9 36 30 0 0 58 0 21 0 0 0 7 36 36 62 0 61 28 30 0 5 0 55 42 54 20 0 28 63 0 71 67 63 60 19 29 0 53 0 0 39 49 39 30 0 0 0 26 0 39 32 12
0 11 0 6 69 13 32 27 10 63 2 27 70 0 37 0 0 28 0 25 9 0 1 0 34 43 0 43 9 37 53 63 57 45 56 0 53 55 34 0 0 47 58 0 0 0 35 0 5 0 0 50 0 58 2 0 0 19 27 45 0 0 0 56 36 0 50 14 17 0 47 14 0 72 20
0 17 48 49 54 57 63 0 37 49 0 3 4 0 39 0 1 27 0 11 17 54 13 55 22 24 0 65 8 0 22 5 2 0 52 5 26 0 0 4 48 44 49 0 49 32 46 0 59 0 61 0 0 47 47 70 0 5 36 60 0 25 74 45 0 41 56 23 0 68 56 0 11 36 52
39 67 0 38 0 46 0 0 69 0 0 66 0 0 0 49 20 0 13 13 70 0 66 1 21 74 0 16 5 33 0 18 42 32 0 13 15 28 71 44 74 0 0 0 23 47 68 15 6 0 0 21 0 0 30 67 21 0 66 67 35 0 14 0 68 0 25 35 47 0 60 0 44 45 0
63 16 0 0 65 10 47 41 23 27 0 58 48 0 7 0 0 40 36 18 0 57 16 55 61 8 0 32 20 18 0 0 1 0 72 31 0 63 61 8 0 20 7 28 15 7 13 73 0 0 48 0 0 0 35 29 8 18 55 26 2 18 0 55 19 26 47 0 32 0 0 69 19 20 17
68 23 0 0 43 48 14 0 0 66 0 0 3 36 0 72 0 2 0 19 0 27 7 0 56 5 68 57 44 47 0 1 72 24 0 0 39 72 5 0 40 28 0 0 0 47 29 64 32 24 0 51 2 13 0 0 2 38 71 16 20 29 0 65 58 28 40 73 54 9 0 5 31 0 23
51 45 43 35 0 0 45 23 55 0 0 30 61 0 57 1 36 23 0 0 0 19 49 44 0 0 0 0 63 0 27 0 12 55 0 57 63 52 28 0 71 0 0 0 66 16 0 48 38 54 0 55 0 60 0 0 37 10 0 0 71 28 45 0 0 0 56 16 0 9 0 17 38 29 2
51 27 0 0 3 6 0 72 29 0 0 7 0 7 0 0 0 4 0 0 0 18 29 11 14 0 12 0 11 68 66 0 53 0 29 0 0 0 39 72 0 57 70 25 11 31 13 74 0 0 0 37 0 18 29 20 0 0 0 65 27 23 0 20 53 0 0 69 8 43 0 23 5 34 30
27 0 0 13 12 2 17 32 37 0 5 1 5 0 30 0 21 32 0 29 22 64 17 0 0 0 43 24 0 17 0 38 73 6 43 32 0 44 0 12 21 0 21 0 16 41 17 8 17 0 48 57 52 20 45 63 0 0 11 33 0 5 67 0 16 73 44 0 66 0 50 32 24 65 0
0 0 0 40 7 32 64 4 12 41 29 0 60 52 47 0 59 43 62 6 0 40 56 0 0 0 0 52 54 0 0 2 0 29 30 69 47 17 73 0 34 0 70 19 0 41 52 0 44 48 0 6 23 53 18 11 56 31 0 60 70 40 10 34 0 71 42 51 24 58 73 54 1 33 41
27 67 2 60 71 31 0 45 47 0 0 0 69 0 29 19 52 55 71 26 7 0 15 0 16 0 17 0 62 35 41 0 0 69 65 67 0 70 0 0 0 60 17 35 0 55 50 0 57 0 21 55 67 0 65 52 22 19 72 0 20 40 0 46 45 45 49 27 15 8 23 9 0 17 0
56 0 23 10 61 26 18 0 34 61 71 0 59 61 0 47 48 0 49 4 0 30 68 56 49 28 13 38 57 74 0 45 57 13 33 0 0 27 70 19 0 0 65 46 3 0 26 59 20 65 17 54 51 48 16 52 30 0 62 0 0 21 36 0 58 0 0 0 6 53 5 5 15 58 43
58 1 30 10 0 0 0 52 6 52 0 35 15 13 62 49 0 59 62 0 0 55 0 0 71 40 13 3 39 2 19 41 22 35 11 38 17 0 1 42 35 12 45 69 52 35 0 53 58 33 62 44 0 51 0 0 57 58 3 41 40 0 19 32 4 0 68 0 37 0 49 61 0 73 30
0 27 24 41 0 33 26 42 19 0 58 58 66 4 8 42 61 6 61 4 0 0 0 55 33 0 0 21 0 56 73 37 40 0 9 33 0 5 73 44 55 8 0 4 0 32 0 0 52 69 58 65 63 0 50 57 1 2 55 39 0 0 0 0 67 67 10 48 0 40 0 0 49 10 26
67 66 39 36 49 0 29 47 8 59 39 62 30 30 66 42 20 72 19 22 38 52 27 65 60 71 44 26 67 0 73 0 13 0 46 2 26 0 70 31 4 25 47 2 17 36 73 58 38 64 22 0 7 13 8 0 19 41 3 70 43 13 24 0 30 0 45 62 0 25 20 67 0 38 0
40 40 50 30 35 71 0 65 58 59 0 45 11 54 0 0 35 17 43 21 46 54 0 59 0 31 0 22 39 5 51 0 17 0 63 66 10 65 43 0 22 0 69 11 55 17 50 73 6 67 23 0 68 0 6 22 0 36 74 59 0 59 0 0 0 9 55 0 39 12 62 0 28 68 61
0 8 65 0 7 0 0 23 41 0 54 0 0 0 63 25 0 0 47 0 0 0 17 67 20 72 0 47 5 51 17 0 13 0 68 55 0 0 0 74 60 51 70 0 42 24 0 23 20 36 62 43 12 69 0 8 13 52 2 27 0 54 15 4 0 0 0 50 2 15 20 22 0 57 46
13 24 47 16 14 0 24 59 17 43 0 61 5 0 20 40 67 0 19 0 0 47 0 47 0 55 34 56 39 45 62 37 30 13 0 9 0 49 7 0 23 36 69 13 17 25 7 0 9 49 23 0 0 8 0 0 0 0 55 56 35 0 65 0 10 47 0 20 65 6 6 0 54 0 0
38 45 27 53 49 38 0 17 34 0 46 0 21 70 0 35 32 69 11 45 16 6 26 54 0 74 49 0 0 26 58 43 0 0 60 7 52 65 33 65 73 73 0 0 0 0 14 53 0 43 0 0 53 47 43 0 6 32 3 12 56 49 0 0 20 17 0 0 0 0 59 36 24 0 43
0 27 54 28 0 66 12 49 15 42 52 38 58 48 0 34 20 5 0 0 24 0 0 2 0 66 68 44 71 1 40 0 0 0 59 0 70 73 53 29 0 23 3 38 28 0 0 0 37 0 0 37 7 18 56 9 8 56 54 21 0 0 0 0 0 43 0 0 0 37 0 66 39 23 7
71 45 0 67 8 59 50 36 59 2 68 66 65 33 0 0 0 74 0 33 21 53 57 55 33 0 57 63 54 27 31 3 37 0 0 12 31 36 5 19 0 4 0 9 5 43 53 0 0 60 70 0 0 0 0 68 0 42 0 63 65 58 0 0 67 0 0 0 55 0 33 37 72 0 0
0 0 0 39 0 26 0 71 44 13 31 49 0 44 21 42 55 0 0 72 60 0 1 0 45 0 0 58 19 0 0 25 7 0 51 69 0 0 26 19 37 4 40 71 46 0 0 0 0 43 23 65 65 34 0 25 0 11 69 65 4 0 38 0 0 51 3 0 58 22 0 10 16 65 18
0 0 16 41 0 13 55 38 0 53 71 11 0 29 5 48 57 39 37 0 9 11 0 0 0 55 0 46 10 0 33 42 0 0 74 26 37 27 39 45 46 18 0 42 0 51 18 32 3 24 0 25 8 5 74 62 0 56 62 74 74 64 31 6 0 73 0 8 45 0 0 0 0 24 59
35 0 4 0 73 9 43 7 23 20 65 0 0 16 41 26 14 0 59 58 0 0 34 57 28 0 21 19 73 0 0 14 0 0 66 24 11 50 0 0 67 0 0 0 63 2 61 45 10 69 0 53 0 0 12 0 0 0 50 39 73 2 0 49 0 49 0 0 29 47 0 0 0 23 0
30 6 34 0 28 0 49 71 20 0 10 40 8 12 20 0 37 61 15 29 0 11 72 69 66 6 49 5 10 0 14 0 38 20 66 33 14 64 15 58 43 0 28 68 0 0 19 63 1 3 0 31 22 57 53 70 18 14 35 28 0 0 69 7 22 0 12 52 38 28 48 68 0 0 54
70 0 0 0 0 13 0 57 0 0 69 35 17 32 22 0 53 44 0 9 24 0 60 52 5 6 0 58 40 24 60 33 63 26 0 2 11 29 27 0 64 0 55 0 28 38 0 0 7 0 61 13 50 34 37 0 42 0 0 45 51 24 33 0 0 0 1 58 0 36 12 0 27 29 0
